2 
384 451 388 455 392 459 396 76 463 400 404 351 355 359 363 367 177 371 435 439 375 378 443 380 447 
213 378 380 384 388 392 396 400 404 177 76 351 355 359 363 367 371 375 435 439 443 447 451 455 459 463 
0 5 role -1 1 
1 16 robot -1 
2 22 robot -1 1 99 132 182 56 41 187 156 79 111 175 
3 0 entail -1 16 4 
4 6 base -1 16 5 
5 16 cell -1 6 9 12 
6 17 ?row[0] -1 
7 19 ?row[0] -1 18 6 
8 18 cell 1 6 118 311 88 104 296 281 62 334 127 
9 17 ?col[0] -1 
10 19 ?col[0] -1 22 9 
11 18 cell 2 64 128 336 120 9 89 313 106 282 298 
12 17 ?type[0] -1 
13 19 ?type[0] -1 24 12 
14 18 cell 3 129 66 338 90 122 299 315 12 108 284 
15 23 cell -1 5 103 295 8 11 333 14 117 310 87 280 61 126 
16 3 and -1 17 21 23 
17 15 number -1 18 
18 17 ?row[0] -1 
19 18 number 1 18 35 52 22 54 70 199 72 301 286 191 
20 21 number -1 17 34 19 51 21 53 69 198 71 300 285 190 
21 15 number -1 22 
22 17 ?col[0] -1 
23 15 type -1 24 
24 17 ?type[0] -1 
25 18 type 1 24 269 271 
26 21 type -1 23 25 268 270 
27 0 entail -1 34 28 
28 6 base -1 34 29 
29 16 placing -1 30 
30 17 ?n[0] -1 
31 19 ?n[0] -1 35 30 
32 18 placing 1 144 75 139 171 30 
33 23 placing -1 32 74 138 170 29 143 
34 15 number -1 35 
35 17 ?n[0] -1 
36 6 base -1 37 
37 16 finished -1 
38 22 finished -1 161 179 37 154 
39 0 entail -1 50 40 
40 7 input -1 50 41 42 
41 16 robot -1 42 
42 16 place -1 43 46 
43 17 ?row[1] -1 
44 19 ?row[1] -1 52 43 
45 18 place 1 81 113 134 43 
46 17 ?col[1] -1 
47 19 ?col[1] -1 54 46 
48 18 place 2 114 83 135 46 
49 23 place -1 48 80 112 133 42 45 
50 3 and -1 51 53 
51 15 number -1 52 
52 17 ?row[1] -1 
53 15 number -1 54 
54 17 ?col[1] -1 
55 7 input -1 56 57 
56 16 robot -1 57 
57 16 quit -1 
58 22 quit -1 100 57 157 
59 0 entail -1 68 60 
60 8 init -1 68 61 
61 16 cell -1 64 66 62 
62 17 ?row[2] -1 
63 19 ?row[2] -1 70 62 
64 17 ?col[2] -1 
65 19 ?col[2] -1 64 72 
66 16 blank -1 
67 22 blank -1 66 90 271 
68 3 and -1 69 71 
69 15 number -1 70 
70 17 ?row[2] -1 
71 15 number -1 72 
72 17 ?col[2] -1 
73 8 init -1 74 
74 16 placing -1 75 
75 16 1 -1 
76 24 1 -1 410 75 412 349 
77 0 entail -1 85 78 
78 12 legal -1 80 85 79 
79 16 robot -1 80 
80 16 place -1 81 83 
81 17 ?row[3] -1 
82 19 ?row[3] -1 81 88 93 
83 17 ?col[3] -1 
84 19 ?col[3] -1 83 89 95 
85 3 and -1 86 91 
86 9 true -1 87 
87 16 cell -1 88 89 90 
88 17 ?row[3] -1 
89 17 ?col[3] -1 
90 16 blank -1 
91 2 not -1 92 
92 15 attacked -1 93 95 
93 17 ?row[3] -1 
94 18 attacked 1 304 289 274 327 93 
95 17 ?col[3] -1 
96 18 attacked 2 306 291 276 329 95 
97 21 attacked -1 96 288 273 326 92 94 303 
98 12 legal -1 99 100 
99 16 robot -1 100 
100 16 quit -1 
101 0 entail -1 102 110 
102 11 next -1 103 110 
103 16 cell -1 104 106 108 
104 17 ?row[4] -1 
105 19 ?row[4] -1 113 104 
106 17 ?col[4] -1 
107 19 ?col[4] -1 114 106 
108 16 queen -1 
109 22 queen -1 338 299 315 108 284 269 
110 10 does -1 112 111 
111 16 robot -1 112 
112 16 place -1 113 114 
113 17 ?row[4] -1 
114 17 ?col[4] -1 
115 0 entail -1 116 124 
116 11 next -1 117 124 
117 16 cell -1 118 120 122 
118 17 ?row[5] -1 
119 19 ?row[5] -1 118 134 127 
120 17 ?col[5] -1 
121 19 ?col[5] -1 128 135 120 
122 17 ?type[1] -1 
123 19 ?type[1] -1 129 122 
124 3 and -1 130 125 
125 9 true -1 126 
126 16 cell -1 128 129 127 
127 17 ?row[5] -1 
128 17 ?col[5] -1 
129 17 ?type[1] -1 
130 2 not -1 131 
131 10 does -1 132 133 
132 16 robot -1 133 
133 16 place -1 134 135 
134 17 ?row[5] -1 
135 17 ?col[5] -1 
136 0 entail -1 137 141 
137 11 next -1 138 141 
138 16 placing -1 139 
139 17 ?n2[0] -1 
140 19 ?n2[0] -1 149 139 
141 3 and -1 146 142 
142 9 true -1 143 
143 16 placing -1 144 
144 17 ?n1[0] -1 
145 19 ?n1[0] -1 144 147 
146 15 succ -1 147 149 
147 17 ?n1[0] -1 
148 18 succ 1 353 369 194 147 357 373 215 361 202 349 365 
149 17 ?n2[0] -1 
150 18 succ 2 354 370 195 149 358 374 216 362 204 350 366 
151 21 succ -1 352 193 356 360 201 364 368 146 148 372 150 214 348 
152 0 entail -1 153 155 
153 11 next -1 154 155 
154 16 finished -1 
155 10 does -1 156 157 
156 16 robot -1 157 
157 16 quit -1 
158 0 entail -1 160 159 
159 14 terminal -1 160 
160 9 true -1 161 
161 16 finished -1 
162 0 entail -1 163 164 
163 14 terminal -1 164 
164 2 not -1 165 
165 15 still_placing -1 
166 20 still_placing -1 165 168 
167 0 entail -1 168 169 
168 15 still_placing -1 169 
169 9 true -1 170 
170 16 placing -1 171 
171 17 ?n[1] -1 
172 19 ?n[1] -1 171 
173 0 entail -1 178 174 
174 13 goal -1 176 178 175 
175 16 robot -1 176 
176 16 0 -1 
177 24 0 -1 176 240 407 409 188 
178 9 true -1 179 
179 16 finished -1 
180 0 entail -1 181 185 
181 13 goal -1 182 183 185 
182 16 robot -1 183 
183 16 100 -1 
184 22 100 -1 183 
185 2 not -1 186 
186 13 goal -1 187 188 
187 16 robot -1 188 
188 16 0 -1 
189 0 entail -1 193 190 
190 15 number -1 193 191 
191 17 ?n[2] -1 
192 19 ?n[2] -1 194 191 
193 15 succ -1 194 195 
194 17 ?n[2] -1 
195 17 ?m[0] -1 
196 19 ?m[0] -1 195 
197 0 entail -1 198 201 
198 15 number -1 199 201 
199 17 ?m[1] -1 
200 19 ?m[1] -1 199 204 
201 15 succ -1 202 204 
202 17 ?n[3] -1 
203 19 ?n[3] -1 202 
204 17 ?m[1] -1 
205 0 entail -1 214 206 
206 15 ext_succ -1 210 214 207 
207 17 ?n1[1] -1 
208 19 ?n1[1] -1 215 207 
209 18 ext_succ 1 257 449 386 261 453 390 457 394 461 398 207 402 406 409 412 415 224 418 421 232 424 427 430 433 437 377 441 445 382 
210 17 ?n2[1] -1 
211 19 ?n2[1] -1 210 216 
212 18 ext_succ 2 450 259 387 262 454 391 458 395 462 399 210 403 407 410 413 416 225 419 422 425 234 428 431 434 438 442 379 446 383 
213 21 ext_succ -1 256 448 385 260 452 389 456 393 460 397 206 209 401 212 405 408 411 414 223 417 420 231 423 426 429 432 436 376 440 444 381 
214 15 succ -1 215 216 
215 17 ?n1[1] -1 
216 17 ?n2[1] -1 
217 0 entail -1 218 223 
218 15 ext_number -1 219 223 
219 17 ?n[4] -1 
220 19 ?n[4] -1 224 219 
221 18 ext_number 1 229 246 219 
222 21 ext_number -1 228 245 218 221 
223 15 ext_succ -1 224 225 
224 17 ?n[4] -1 
225 17 ?m[2] -1 
226 19 ?m[2] -1 225 
227 0 entail -1 228 231 
228 15 ext_number -1 229 231 
229 17 ?m[3] -1 
230 19 ?m[3] -1 229 234 
231 15 ext_succ -1 232 234 
232 17 ?n[5] -1 
233 19 ?n[5] -1 232 
234 17 ?m[3] -1 
235 0 entail -1 245 236 
236 15 plus -1 240 242 245 237 
237 17 ?n[6] -1 
238 19 ?n[6] -1 242 246 237 
239 18 plus 1 322 340 249 265 345 237 317 
240 16 0 -1 
241 18 plus 2 240 323 342 266 346 251 318 
242 17 ?n[6] -1 
243 18 plus 3 242 324 343 267 347 253 319 
244 21 plus -1 241 321 243 339 248 264 344 236 316 239 
245 15 ext_number -1 246 
246 17 ?n[6] -1 
247 0 entail -1 248 255 
248 15 plus -1 249 251 253 255 
249 17 ?x[0] -1 
250 19 ?x[0] -1 261 249 
251 17 ?y[0] -1 
252 19 ?y[0] -1 259 251 
253 17 ?z[0] -1 
254 19 ?z[0] -1 267 253 
255 3 and -1 256 260 264 
256 15 ext_succ -1 257 259 
257 17 ?y2[0] -1 
258 19 ?y2[0] -1 257 266 
259 17 ?y[0] -1 
260 15 ext_succ -1 261 262 
261 17 ?x[0] -1 
262 17 ?x2[0] -1 
263 19 ?x2[0] -1 262 265 
264 15 plus -1 265 266 267 
265 17 ?x2[0] -1 
266 17 ?y2[0] -1 
267 17 ?z[0] -1 
268 15 type -1 269 
269 16 queen -1 
270 15 type -1 271 
271 16 blank -1 
272 0 entail -1 273 278 
273 15 attacked -1 274 276 278 
274 17 ?row[6] -1 
275 19 ?row[6] -1 274 281 
276 17 ?col[6] -1 
277 19 ?col[6] -1 276 286 
278 3 and -1 279 285 
279 9 true -1 280 
280 16 cell -1 281 282 284 
281 17 ?row[6] -1 
282 17 ?col2[0] -1 
283 19 ?col2[0] -1 282 
284 16 queen -1 
285 15 number -1 286 
286 17 ?col[6] -1 
287 0 entail -1 288 293 
288 15 attacked -1 289 291 293 
289 17 ?row[7] -1 
290 19 ?row[7] -1 289 301 
291 17 ?col[7] -1 
292 19 ?col[7] -1 291 298 
293 3 and -1 294 300 
294 9 true -1 295 
295 16 cell -1 296 298 299 
296 17 ?row2[0] -1 
297 19 ?row2[0] -1 296 
298 17 ?col[7] -1 
299 16 queen -1 
300 15 number -1 301 
301 17 ?row[7] -1 
302 0 entail -1 308 303 
303 15 attacked -1 304 306 308 
304 17 ?row[8] -1 
305 19 ?row[8] -1 304 317 
306 17 ?col[8] -1 
307 19 ?col[8] -1 306 318 
308 3 and -1 321 309 316 
309 9 true -1 310 
310 16 cell -1 311 313 315 
311 17 ?row2[1] -1 
312 19 ?row2[1] -1 322 311 
313 17 ?col2[1] -1 
314 19 ?col2[1] -1 323 313 
315 16 queen -1 
316 15 plus -1 317 318 319 
317 17 ?row[8] -1 
318 17 ?col[8] -1 
319 17 ?c[0] -1 
320 19 ?c[0] -1 324 319 
321 15 plus -1 322 323 324 
322 17 ?row2[1] -1 
323 17 ?col2[1] -1 
324 17 ?c[0] -1 
325 0 entail -1 326 331 
326 15 attacked -1 327 329 331 
327 17 ?row[9] -1 
328 19 ?row[9] -1 327 343 
329 17 ?col[9] -1 
330 19 ?col[9] -1 342 329 
331 3 and -1 339 344 332 
332 9 true -1 333 
333 16 cell -1 336 338 334 
334 17 ?row2[2] -1 
335 19 ?row2[2] -1 347 334 
336 17 ?col2[2] -1 
337 19 ?col2[2] -1 336 346 
338 16 queen -1 
339 15 plus -1 340 342 343 
340 17 ?c[1] -1 
341 19 ?c[1] -1 340 345 
342 17 ?col[9] -1 
343 17 ?row[9] -1 
344 15 plus -1 345 346 347 
345 17 ?c[1] -1 
346 17 ?col2[2] -1 
347 17 ?row2[2] -1 
348 15 succ -1 349 350 
349 16 1 -1 
350 16 2 -1 
351 24 2 -1 353 413 350 415 
352 15 succ -1 353 354 
353 16 2 -1 
354 16 3 -1 
355 24 3 -1 416 354 418 357 
356 15 succ -1 357 358 
357 16 3 -1 
358 16 4 -1 
359 24 4 -1 419 421 358 361 
360 15 succ -1 361 362 
361 16 4 -1 
362 16 5 -1 
363 24 5 -1 422 424 362 365 
364 15 succ -1 365 366 
365 16 5 -1 
366 16 6 -1 
367 24 6 -1 369 425 427 366 
368 15 succ -1 369 370 
369 16 6 -1 
370 16 7 -1 
371 24 7 -1 370 373 428 430 
372 15 succ -1 373 374 
373 16 7 -1 
374 16 8 -1 
375 24 8 -1 433 374 431 
376 15 ext_succ -1 377 379 
377 16 m8 -1 
378 24 m8 -1 377 
379 16 m7 -1 
380 24 m7 -1 379 382 
381 15 ext_succ -1 382 383 
382 16 m7 -1 
383 16 m6 -1 
384 24 m6 -1 386 383 
385 15 ext_succ -1 386 387 
386 16 m6 -1 
387 16 m5 -1 
388 24 m5 -1 387 390 
389 15 ext_succ -1 390 391 
390 16 m5 -1 
391 16 m4 -1 
392 24 m4 -1 391 394 
393 15 ext_succ -1 394 395 
394 16 m4 -1 
395 16 m3 -1 
396 24 m3 -1 395 398 
397 15 ext_succ -1 398 399 
398 16 m3 -1 
399 16 m2 -1 
400 24 m2 -1 402 399 
401 15 ext_succ -1 402 403 
402 16 m2 -1 
403 16 m1 -1 
404 24 m1 -1 403 406 
405 15 ext_succ -1 406 407 
406 16 m1 -1 
407 16 0 -1 
408 15 ext_succ -1 409 410 
409 16 0 -1 
410 16 1 -1 
411 15 ext_succ -1 412 413 
412 16 1 -1 
413 16 2 -1 
414 15 ext_succ -1 416 415 
415 16 2 -1 
416 16 3 -1 
417 15 ext_succ -1 418 419 
418 16 3 -1 
419 16 4 -1 
420 15 ext_succ -1 421 422 
421 16 4 -1 
422 16 5 -1 
423 15 ext_succ -1 424 425 
424 16 5 -1 
425 16 6 -1 
426 15 ext_succ -1 427 428 
427 16 6 -1 
428 16 7 -1 
429 15 ext_succ -1 430 431 
430 16 7 -1 
431 16 8 -1 
432 15 ext_succ -1 433 434 
433 16 8 -1 
434 16 9 -1 
435 24 9 -1 434 437 
436 15 ext_succ -1 437 438 
437 16 9 -1 
438 16 10 -1 
439 24 10 -1 438 441 
440 15 ext_succ -1 441 442 
441 16 10 -1 
442 16 11 -1 
443 24 11 -1 442 445 
444 15 ext_succ -1 445 446 
445 16 11 -1 
446 16 12 -1 
447 24 12 -1 449 446 
448 15 ext_succ -1 449 450 
449 16 12 -1 
450 16 13 -1 
451 24 13 -1 450 453 
452 15 ext_succ -1 453 454 
453 16 13 -1 
454 16 14 -1 
455 24 14 -1 454 457 
456 15 ext_succ -1 457 458 
457 16 14 -1 
458 16 15 -1 
459 24 15 -1 458 461 
460 15 ext_succ -1 461 462 
461 16 15 -1 
462 16 16 -1 
463 24 16 -1 462 
