2 5 


0 5 role -1 1 
1 16 white -1 
2 22 white -1 1 65 193 581 70 198 647 138 75 13 143 210 338 21 213 664 27 350 160 33 226 419 547 165 39 231 490 683 45 429 50 243 180 55 440 60 446 
3 5 role -1 4 
4 16 black -1 
5 22 black -1 130 258 323 4 453 135 263 458 335 719 80 272 594 85 343 90 346 285 95 290 738 100 422 105 426 110 302 558 496 305 115 246 120 125 318 702 
6 8 init -1 7 
7 16 cell -1 8 11 13 
8 16 1 -1 
9 22 1 -1 32 608 38 8 11 44 108 557 78 48 20 596 26 
10 18 cell 1 128 384 512 133 261 8 529 18 532 24 30 288 545 163 36 42 300 556 48 53 58 573 63 321 579 68 196 73 586 333 78 208 464 592 83 88 93 98 354 483 229 103 488 108 494 113 241 625 118 375 123 509 
11 16 1 -1 
12 18 cell 2 129 385 513 134 262 11 530 20 533 26 32 289 546 164 38 44 301 557 49 54 59 575 64 322 580 69 197 74 588 334 79 209 593 466 84 89 94 99 356 484 230 104 489 109 495 114 242 627 119 377 124 510 
13 16 white -1 
14 18 cell 3 65 130 386 323 581 70 198 135 263 75 13 335 80 210 594 21 85 90 27 95 33 290 547 100 165 358 39 231 105 490 45 110 302 558 496 50 115 243 629 55 120 379 60 125 
15 23 cell -1 132 260 7 10 12 14 528 17 531 23 29 287 544 162 35 41 299 555 47 52 57 572 62 320 578 67 195 72 585 332 77 207 463 591 82 87 92 97 353 482 228 102 487 107 493 112 240 624 117 374 122 508 127 383 511 
16 8 init -1 17 
17 16 cell -1 18 20 21 
18 16 2 -1 
19 22 2 -1 64 609 611 69 74 49 113 18 83 53 54 598 59 
20 16 1 -1 
21 16 white -1 
22 8 init -1 23 
23 16 cell -1 24 26 27 
24 16 3 -1 
25 22 3 -1 612 118 614 24 88 600 58 
26 16 1 -1 
27 16 white -1 
28 8 init -1 29 
29 16 cell -1 32 33 30 
30 16 4 -1 
31 22 4 -1 615 617 602 123 93 30 63 
32 16 1 -1 
33 16 white -1 
34 8 init -1 35 
35 16 cell -1 36 38 39 
36 16 5 -1 
37 22 5 -1 128 98 99 36 68 104 618 620 79 84 89 604 94 
38 16 1 -1 
39 16 white -1 
40 8 init -1 41 
41 16 cell -1 42 44 45 
42 16 6 -1 
43 22 6 -1 129 546 133 134 103 73 42 109 621 114 119 124 606 
44 16 1 -1 
45 16 white -1 
46 8 init -1 47 
47 16 cell -1 48 49 50 
48 16 1 -1 
49 16 2 -1 
50 16 white -1 
51 8 init -1 52 
52 16 cell -1 53 54 55 
53 16 2 -1 
54 16 2 -1 
55 16 white -1 
56 8 init -1 57 
57 16 cell -1 58 59 60 
58 16 3 -1 
59 16 2 -1 
60 16 white -1 
61 8 init -1 62 
62 16 cell -1 64 65 63 
63 16 4 -1 
64 16 2 -1 
65 16 white -1 
66 8 init -1 67 
67 16 cell -1 68 69 70 
68 16 5 -1 
69 16 2 -1 
70 16 white -1 
71 8 init -1 72 
72 16 cell -1 73 74 75 
73 16 6 -1 
74 16 2 -1 
75 16 white -1 
76 8 init -1 77 
77 16 cell -1 80 78 79 
78 16 1 -1 
79 16 5 -1 
80 16 black -1 
81 8 init -1 82 
82 16 cell -1 83 84 85 
83 16 2 -1 
84 16 5 -1 
85 16 black -1 
86 8 init -1 87 
87 16 cell -1 88 89 90 
88 16 3 -1 
89 16 5 -1 
90 16 black -1 
91 8 init -1 92 
92 16 cell -1 93 94 95 
93 16 4 -1 
94 16 5 -1 
95 16 black -1 
96 8 init -1 97 
97 16 cell -1 98 99 100 
98 16 5 -1 
99 16 5 -1 
100 16 black -1 
101 8 init -1 102 
102 16 cell -1 103 104 105 
103 16 6 -1 
104 16 5 -1 
105 16 black -1 
106 8 init -1 107 
107 16 cell -1 108 109 110 
108 16 1 -1 
109 16 6 -1 
110 16 black -1 
111 8 init -1 112 
112 16 cell -1 113 114 115 
113 16 2 -1 
114 16 6 -1 
115 16 black -1 
116 8 init -1 117 
117 16 cell -1 118 119 120 
118 16 3 -1 
119 16 6 -1 
120 16 black -1 
121 8 init -1 122 
122 16 cell -1 123 124 125 
123 16 4 -1 
124 16 6 -1 
125 16 black -1 
126 8 init -1 127 
127 16 cell -1 128 129 130 
128 16 5 -1 
129 16 6 -1 
130 16 black -1 
131 8 init -1 132 
132 16 cell -1 133 134 135 
133 16 6 -1 
134 16 6 -1 
135 16 black -1 
136 8 init -1 137 
137 16 control -1 138 
138 16 white -1 
139 18 control 1 160 193 641 226 258 419 422 138 426 429 343 285 318 350 
140 23 control -1 192 640 225 257 418 421 137 425 139 428 342 284 317 349 159 
141 0 entail -1 157 142 
142 12 legal -1 144 157 143 
143 16 white -1 144 
144 16 move -1 145 148 151 153 
145 17 ?x[0] -1 
146 19 ?x[0] -1 145 163 151 173 
147 18 move 1 704 740 393 649 685 366 145 721 274 307 182 215 248 666 
148 17 ?y1[0] -1 
149 19 ?y1[0] -1 148 164 167 
150 18 move 2 706 742 395 651 687 368 723 148 276 309 184 217 250 668 
151 17 ?x[0] -1 
152 18 move 3 708 744 397 653 689 370 725 278 151 311 186 219 252 670 
153 17 ?y2[0] -1 
154 19 ?y2[0] -1 153 169 175 
155 18 move 4 672 709 746 654 399 371 691 727 280 153 313 188 221 253 
156 23 move -1 739 392 648 684 365 144 720 273 306 147 181 150 214 247 152 665 155 703 
157 3 and -1 161 166 172 158 
158 9 true -1 159 
159 16 control -1 160 
160 16 white -1 
161 9 true -1 162 
162 16 cell -1 163 164 165 
163 17 ?x[0] -1 
164 17 ?y1[0] -1 
165 16 white -1 
166 15 plusplus -1 167 169 
167 17 ?y1[0] -1 
168 18 plusplus 1 325 200 328 265 203 715 660 731 734 608 611 292 676 614 167 295 679 233 617 236 620 750 753 695 698 
169 17 ?y2[0] -1 
170 18 plusplus 2 326 201 329 266 204 716 661 732 735 609 612 293 677 615 296 680 169 234 618 237 621 751 754 696 699 
171 21 plusplus -1 324 199 327 264 202 714 659 730 733 607 610 291 675 613 166 294 678 168 232 616 170 235 619 749 752 694 697 
172 15 cellEmpty -1 173 175 
173 17 ?x[0] -1 
174 18 cellEmpty 1 268 173 477 
175 17 ?y2[0] -1 
176 18 cellEmpty 2 269 175 479 
177 21 cellEmpty -1 176 267 172 476 174 
178 0 entail -1 179 190 
179 12 legal -1 180 181 190 
180 16 white -1 181 
181 16 move -1 182 184 186 188 
182 17 ?x1[0] -1 
183 19 ?x1[0] -1 196 182 203 
184 17 ?y1[1] -1 
185 19 ?y1[1] -1 197 184 200 
186 17 ?x2[0] -1 
187 19 ?x2[0] -1 208 186 204 
188 17 ?y2[1] -1 
189 19 ?y2[1] -1 209 201 188 
190 3 and -1 194 199 202 205 191 
191 9 true -1 192 
192 16 control -1 193 
193 16 white -1 
194 9 true -1 195 
195 16 cell -1 196 197 198 
196 17 ?x1[0] -1 
197 17 ?y1[1] -1 
198 16 white -1 
199 15 plusplus -1 200 201 
200 17 ?y1[1] -1 
201 17 ?y2[1] -1 
202 15 plusplus -1 203 204 
203 17 ?x1[0] -1 
204 17 ?x2[0] -1 
205 2 not -1 206 
206 9 true -1 207 
207 16 cell -1 208 209 210 
208 17 ?x2[0] -1 
209 17 ?y2[1] -1 
210 16 white -1 
211 0 entail -1 212 223 
212 12 legal -1 213 214 223 
213 16 white -1 214 
214 16 move -1 215 217 219 221 
215 17 ?x1[1] -1 
216 19 ?x1[1] -1 229 215 237 
217 17 ?y1[2] -1 
218 19 ?y1[2] -1 230 217 233 
219 17 ?x2[1] -1 
220 19 ?x2[1] -1 241 219 236 
221 17 ?y2[2] -1 
222 19 ?y2[2] -1 242 234 221 
223 3 and -1 224 227 232 235 238 
224 9 true -1 225 
225 16 control -1 226 
226 16 white -1 
227 9 true -1 228 
228 16 cell -1 229 230 231 
229 17 ?x1[1] -1 
230 17 ?y1[2] -1 
231 16 white -1 
232 15 plusplus -1 233 234 
233 17 ?y1[2] -1 
234 17 ?y2[2] -1 
235 15 plusplus -1 236 237 
236 17 ?x2[1] -1 
237 17 ?x1[1] -1 
238 2 not -1 239 
239 9 true -1 240 
240 16 cell -1 241 242 243 
241 17 ?x2[1] -1 
242 17 ?y2[2] -1 
243 16 white -1 
244 0 entail -1 245 255 
245 12 legal -1 246 247 255 
246 16 black -1 247 
247 16 move -1 248 250 252 253 
248 17 ?x[1] -1 
249 19 ?x[1] -1 261 248 252 268 
250 17 ?y1[3] -1 
251 19 ?y1[3] -1 262 250 266 
252 17 ?x[1] -1 
253 17 ?y2[3] -1 
254 19 ?y2[3] -1 265 253 269 
255 3 and -1 256 259 264 267 
256 9 true -1 257 
257 16 control -1 258 
258 16 black -1 
259 9 true -1 260 
260 16 cell -1 261 262 263 
261 17 ?x[1] -1 
262 17 ?y1[3] -1 
263 16 black -1 
264 15 plusplus -1 265 266 
265 17 ?y2[3] -1 
266 17 ?y1[3] -1 
267 15 cellEmpty -1 268 269 
268 17 ?x[1] -1 
269 17 ?y2[3] -1 
270 0 entail -1 282 271 
271 12 legal -1 272 273 282 
272 16 black -1 273 
273 16 move -1 274 276 278 280 
274 17 ?x1[2] -1 
275 19 ?x1[2] -1 288 274 295 
276 17 ?y1[4] -1 
277 19 ?y1[4] -1 289 276 293 
278 17 ?x2[2] -1 
279 19 ?x2[2] -1 278 296 300 
280 17 ?y2[4] -1 
281 19 ?y2[4] -1 292 280 301 
282 3 and -1 291 294 297 283 286 
283 9 true -1 284 
284 16 control -1 285 
285 16 black -1 
286 9 true -1 287 
287 16 cell -1 288 289 290 
288 17 ?x1[2] -1 
289 17 ?y1[4] -1 
290 16 black -1 
291 15 plusplus -1 292 293 
292 17 ?y2[4] -1 
293 17 ?y1[4] -1 
294 15 plusplus -1 295 296 
295 17 ?x1[2] -1 
296 17 ?x2[2] -1 
297 2 not -1 298 
298 9 true -1 299 
299 16 cell -1 300 301 302 
300 17 ?x2[2] -1 
301 17 ?y2[4] -1 
302 16 black -1 
303 0 entail -1 304 315 
304 12 legal -1 305 306 315 
305 16 black -1 306 
306 16 move -1 307 309 311 313 
307 17 ?x1[3] -1 
308 19 ?x1[3] -1 321 307 329 
309 17 ?y1[5] -1 
310 19 ?y1[5] -1 322 309 326 
311 17 ?x2[3] -1 
312 19 ?x2[3] -1 311 328 333 
313 17 ?y2[5] -1 
314 19 ?y2[5] -1 325 313 334 
315 3 and -1 324 327 330 316 319 
316 9 true -1 317 
317 16 control -1 318 
318 16 black -1 
319 9 true -1 320 
320 16 cell -1 321 322 323 
321 17 ?x1[3] -1 
322 17 ?y1[5] -1 
323 16 black -1 
324 15 plusplus -1 325 326 
325 17 ?y2[5] -1 
326 17 ?y1[5] -1 
327 15 plusplus -1 328 329 
328 17 ?x2[3] -1 
329 17 ?x1[3] -1 
330 2 not -1 331 
331 9 true -1 332 
332 16 cell -1 333 334 335 
333 17 ?x2[3] -1 
334 17 ?y2[5] -1 
335 16 black -1 
336 0 entail -1 337 341 
337 12 legal -1 338 339 341 
338 16 white -1 339 
339 16 noop -1 
340 22 noop -1 339 759 347 
341 9 true -1 342 
342 16 control -1 343 
343 16 black -1 
344 0 entail -1 345 348 
345 12 legal -1 346 347 348 
346 16 black -1 347 
347 16 noop -1 
348 9 true -1 349 
349 16 control -1 350 
350 16 white -1 
351 0 entail -1 352 360 
352 11 next -1 353 360 
353 16 cell -1 354 356 358 
354 17 ?x2[4] -1 
355 19 ?x2[4] -1 354 370 
356 17 ?y2[6] -1 
357 19 ?y2[6] -1 371 356 
358 17 ?player[0] -1 
359 19 ?player[0] -1 358 362 364 
360 3 and -1 361 363 
361 5 role -1 362 
362 17 ?player[0] -1 
363 10 does -1 364 365 
364 17 ?player[0] -1 365 
365 16 move -1 368 370 371 366 
366 17 ?x1[4] -1 
367 19 ?x1[4] -1 366 
368 17 ?y1[6] -1 
369 19 ?y1[6] -1 368 
370 17 ?x2[4] -1 
371 17 ?y2[6] -1 
372 0 entail -1 373 381 
373 11 next -1 374 381 
374 16 cell -1 375 377 379 
375 17 ?x3[0] -1 
376 19 ?x3[0] -1 384 406 375 414 
377 17 ?y3[0] -1 
378 19 ?y3[0] -1 385 408 377 415 
379 17 ?state[0] -1 
380 19 ?state[0] -1 386 379 
381 3 and -1 401 387 390 411 382 
382 9 true -1 383 
383 16 cell -1 384 385 386 
384 17 ?x3[0] -1 
385 17 ?y3[0] -1 
386 17 ?state[0] -1 
387 5 role -1 388 
388 17 ?player[1] -1 
389 19 ?player[1] -1 388 391 
390 10 does -1 391 392 
391 17 ?player[1] -1 392 
392 16 move -1 393 395 397 399 
393 17 ?x1[5] -1 
394 19 ?x1[5] -1 402 393 
395 17 ?y1[7] -1 
396 19 ?y1[7] -1 404 395 
397 17 ?x2[5] -1 
398 19 ?x2[5] -1 412 397 
399 17 ?y2[7] -1 
400 19 ?y2[7] -1 413 399 
401 15 distinctCell -1 402 404 406 408 
402 17 ?x1[5] -1 
403 18 distinctCell 1 402 499 519 412 
404 17 ?y1[7] -1 
405 18 distinctCell 2 404 501 521 413 
406 17 ?x3[0] -1 
407 18 distinctCell 3 406 503 523 414 
408 17 ?y3[0] -1 
409 18 distinctCell 4 408 505 525 415 
410 21 distinctCell -1 401 498 403 405 518 407 409 411 
411 15 distinctCell -1 412 413 414 415 
412 17 ?x2[5] -1 
413 17 ?y2[7] -1 
414 17 ?x3[0] -1 
415 17 ?y3[0] -1 
416 0 entail -1 417 420 
417 11 next -1 418 420 
418 16 control -1 419 
419 16 white -1 
420 9 true -1 421 
421 16 control -1 422 
422 16 black -1 
423 0 entail -1 424 427 
424 11 next -1 425 427 
425 16 control -1 426 
426 16 black -1 
427 9 true -1 428 
428 16 control -1 429 
429 16 white -1 
430 0 entail -1 432 431 
431 14 terminal -1 432 
432 15 whiteWin -1 
433 20 whiteWin -1 432 560 450 538 443 
434 0 entail -1 435 436 
435 14 terminal -1 436 
436 15 blackWin -1 
437 20 blackWin -1 436 549 565 455 461 
438 0 entail -1 439 443 
439 13 goal -1 440 441 443 
440 16 white -1 441 
441 16 100 -1 
442 22 100 -1 454 441 
443 15 whiteWin -1 
444 0 entail -1 449 445 
445 13 goal -1 449 446 447 
446 16 white -1 447 
447 16 0 -1 
448 22 0 -1 459 447 
449 2 not -1 450 
450 15 whiteWin -1 
451 0 entail -1 452 455 
452 13 goal -1 453 454 455 
453 16 black -1 454 
454 16 100 -1 
455 15 blackWin -1 
456 0 entail -1 457 460 
457 13 goal -1 458 459 460 
458 16 black -1 459 
459 16 0 -1 
460 2 not -1 461 
461 15 blackWin -1 
462 0 entail -1 468 463 
463 15 cell -1 464 466 468 
464 17 ?x[2] -1 
465 19 ?x[2] -1 464 470 
466 17 ?y[0] -1 
467 19 ?y[0] -1 466 474 
468 3 and -1 469 473 
469 15 index -1 470 
470 17 ?x[2] -1 
471 18 index 1 552 713 658 596 470 598 600 633 474 602 635 604 541 606 
472 21 index -1 551 712 657 595 469 597 471 599 632 473 601 634 603 540 605 
473 15 index -1 474 
474 17 ?y[0] -1 
475 0 entail -1 481 476 
476 15 cellEmpty -1 481 477 479 
477 17 ?x[3] -1 
478 19 ?x[3] -1 483 488 477 494 
479 17 ?y[1] -1 
480 19 ?y[1] -1 484 489 479 495 
481 3 and -1 482 485 491 
482 15 cell -1 483 484 
483 17 ?x[3] -1 
484 17 ?y[1] -1 
485 2 not -1 486 
486 9 true -1 487 
487 16 cell -1 488 489 490 
488 17 ?x[3] -1 
489 17 ?y[1] -1 
490 16 white -1 
491 2 not -1 492 
492 9 true -1 493 
493 16 cell -1 496 494 495 
494 17 ?x[3] -1 
495 17 ?y[1] -1 
496 16 black -1 
497 0 entail -1 498 507 
498 15 distinctCell -1 499 501 503 505 507 
499 17 ?x1[6] -1 
500 19 ?x1[6] -1 499 515 509 
501 17 ?y1[8] -1 
502 19 ?y1[8] -1 501 510 
503 17 ?x2[6] -1 
504 19 ?x2[6] -1 512 516 503 
505 17 ?y2[8] -1 
506 19 ?y2[8] -1 513 505 
507 3 and -1 514 508 511 
508 15 cell -1 509 510 
509 17 ?x1[6] -1 
510 17 ?y1[8] -1 
511 15 cell -1 512 513 
512 17 ?x2[6] -1 
513 17 ?y2[8] -1 
514 1 and -1 515 516 
515 17 ?x1[6] -1 
516 17 ?x2[6] -1 
517 0 entail -1 518 527 
518 15 distinctCell -1 519 521 523 525 527 
519 17 ?x1[7] -1 
520 19 ?x1[7] -1 529 519 
521 17 ?y1[9] -1 
522 19 ?y1[9] -1 530 535 521 
523 17 ?x2[7] -1 
524 19 ?x2[7] -1 532 523 
525 17 ?y2[9] -1 
526 19 ?y2[9] -1 533 536 525 
527 3 and -1 528 531 534 
528 15 cell -1 529 530 
529 17 ?x1[7] -1 
530 17 ?y1[9] -1 
531 15 cell -1 532 533 
532 17 ?x2[7] -1 
533 17 ?y2[9] -1 
534 1 and -1 535 536 
535 17 ?y1[9] -1 
536 17 ?y2[9] -1 
537 0 entail -1 538 539 
538 15 whiteWin -1 539 
539 3 and -1 540 543 
540 15 index -1 541 
541 17 ?x[4] -1 
542 19 ?x[4] -1 545 541 
543 9 true -1 544 
544 16 cell -1 545 546 547 
545 17 ?x[4] -1 
546 16 6 -1 
547 16 white -1 
548 0 entail -1 549 550 
549 15 blackWin -1 550 
550 3 and -1 551 554 
551 15 index -1 552 
552 17 ?x[5] -1 
553 19 ?x[5] -1 552 556 
554 9 true -1 555 
555 16 cell -1 556 557 558 
556 17 ?x[5] -1 
557 16 1 -1 
558 16 black -1 
559 0 entail -1 560 561 
560 15 whiteWin -1 561 
561 2 not -1 562 
562 15 blackCell -1 
563 20 blackCell -1 562 583 
564 0 entail -1 565 566 
565 15 blackWin -1 566 
566 2 not -1 567 
567 15 whiteCell -1 
568 20 whiteCell -1 567 570 
569 0 entail -1 570 571 
570 15 whiteCell -1 571 
571 3 and -1 577 572 
572 15 cell -1 573 575 
573 17 ?x[6] -1 
574 19 ?x[6] -1 579 573 
575 17 ?y[2] -1 
576 19 ?y[2] -1 580 575 
577 9 true -1 578 
578 16 cell -1 579 580 581 
579 17 ?x[6] -1 
580 17 ?y[2] -1 
581 16 white -1 
582 0 entail -1 583 584 
583 15 blackCell -1 584 
584 3 and -1 585 590 
585 15 cell -1 586 588 
586 17 ?x[7] -1 
587 19 ?x[7] -1 592 586 
588 17 ?y[3] -1 
589 19 ?y[3] -1 593 588 
590 9 true -1 591 
591 16 cell -1 592 593 594 
592 17 ?x[7] -1 
593 17 ?y[3] -1 
594 16 black -1 
595 15 index -1 596 
596 16 1 -1 
597 15 index -1 598 
598 16 2 -1 
599 15 index -1 600 
600 16 3 -1 
601 15 index -1 602 
602 16 4 -1 
603 15 index -1 604 
604 16 5 -1 
605 15 index -1 606 
606 16 6 -1 
607 15 plusplus -1 608 609 
608 16 1 -1 
609 16 2 -1 
610 15 plusplus -1 611 612 
611 16 2 -1 
612 16 3 -1 
613 15 plusplus -1 614 615 
614 16 3 -1 
615 16 4 -1 
616 15 plusplus -1 617 618 
617 16 4 -1 
618 16 5 -1 
619 15 plusplus -1 620 621 
620 16 5 -1 
621 16 6 -1 
622 0 entail -1 631 623 
623 6 base -1 624 631 
624 16 cell -1 625 627 629 
625 17 ?x[8] -1 
626 19 ?x[8] -1 625 633 
627 17 ?y[4] -1 
628 19 ?y[4] -1 627 635 
629 17 ?player[2] -1 
630 19 ?player[2] -1 629 637 
631 3 and -1 632 634 636 
632 15 index -1 633 
633 17 ?x[8] -1 
634 15 index -1 635 
635 17 ?y[4] -1 
636 5 role -1 637 
637 17 ?player[2] -1 
638 0 entail -1 643 639 
639 6 base -1 640 643 
640 16 control -1 641 
641 17 ?player[3] -1 
642 19 ?player[3] -1 641 644 
643 5 role -1 644 
644 17 ?player[3] -1 
645 0 entail -1 656 646 
646 7 input -1 656 647 648 
647 16 white -1 648 
648 16 move -1 649 651 653 654 
649 17 ?x[9] -1 
650 19 ?x[9] -1 658 649 653 
651 17 ?y1[10] -1 
652 19 ?y1[10] -1 660 651 
653 17 ?x[9] -1 
654 17 ?y2[10] -1 
655 19 ?y2[10] -1 661 654 
656 3 and -1 657 659 
657 15 index -1 658 
658 17 ?x[9] -1 
659 15 plusplus -1 660 661 
660 17 ?y1[10] -1 
661 17 ?y2[10] -1 
662 0 entail -1 674 663 
663 7 input -1 674 664 665 
664 16 white -1 665 
665 16 move -1 672 666 668 670 
666 17 ?x1[8] -1 
667 19 ?x1[8] -1 679 666 
668 17 ?y1[11] -1 
669 19 ?y1[11] -1 676 668 
670 17 ?x2[8] -1 
671 19 ?x2[8] -1 680 670 
672 17 ?y2[11] -1 
673 19 ?y2[11] -1 672 677 
674 3 and -1 675 678 
675 15 plusplus -1 676 677 
676 17 ?y1[11] -1 
677 17 ?y2[11] -1 
678 15 plusplus -1 679 680 
679 17 ?x1[8] -1 
680 17 ?x2[8] -1 
681 0 entail -1 693 682 
682 7 input -1 693 683 684 
683 16 white -1 684 
684 16 move -1 689 691 685 687 
685 17 ?x1[9] -1 
686 19 ?x1[9] -1 699 685 
687 17 ?y1[12] -1 
688 19 ?y1[12] -1 695 687 
689 17 ?x2[9] -1 
690 19 ?x2[9] -1 689 698 
691 17 ?y2[12] -1 
692 19 ?y2[12] -1 691 696 
693 3 and -1 694 697 
694 15 plusplus -1 695 696 
695 17 ?y1[12] -1 
696 17 ?y2[12] -1 
697 15 plusplus -1 698 699 
698 17 ?x2[9] -1 
699 17 ?x1[9] -1 
700 0 entail -1 711 701 
701 7 input -1 711 702 703 
702 16 black -1 703 
703 16 move -1 704 706 708 709 
704 17 ?x[10] -1 
705 19 ?x[10] -1 704 708 713 
706 17 ?y1[13] -1 
707 19 ?y1[13] -1 706 716 
708 17 ?x[10] -1 
709 17 ?y2[13] -1 
710 19 ?y2[13] -1 709 715 
711 3 and -1 712 714 
712 15 index -1 713 
713 17 ?x[10] -1 
714 15 plusplus -1 715 716 
715 17 ?y2[13] -1 
716 17 ?y1[13] -1 
717 0 entail -1 729 718 
718 7 input -1 720 729 719 
719 16 black -1 720 
720 16 move -1 721 723 725 727 
721 17 ?x1[10] -1 
722 19 ?x1[10] -1 721 734 
723 17 ?y1[14] -1 
724 19 ?y1[14] -1 723 732 
725 17 ?x2[10] -1 
726 19 ?x2[10] -1 725 735 
727 17 ?y2[14] -1 
728 19 ?y2[14] -1 727 731 
729 3 and -1 730 733 
730 15 plusplus -1 731 732 
731 17 ?y2[14] -1 
732 17 ?y1[14] -1 
733 15 plusplus -1 734 735 
734 17 ?x1[10] -1 
735 17 ?x2[10] -1 
736 0 entail -1 737 748 
737 7 input -1 738 739 748 
738 16 black -1 739 
739 16 move -1 740 742 744 746 
740 17 ?x1[11] -1 
741 19 ?x1[11] -1 754 740 
742 17 ?y1[15] -1 
743 19 ?y1[15] -1 742 751 
744 17 ?x2[11] -1 
745 19 ?x2[11] -1 753 744 
746 17 ?y2[15] -1 
747 19 ?y2[15] -1 746 750 
748 3 and -1 752 749 
749 15 plusplus -1 750 751 
750 17 ?y2[15] -1 
751 17 ?y1[15] -1 
752 15 plusplus -1 753 754 
753 17 ?x2[11] -1 
754 17 ?x1[11] -1 
755 0 entail -1 756 760 
756 7 input -1 757 759 760 
757 17 ?player[4] -1 759 
758 19 ?player[4] -1 757 761 
759 16 noop -1 
760 5 role -1 761 
761 17 ?player[4] -1 
