2 5 


0 5 role -1 1 
1 16 white -1 
2 22 white -1 192 1 198 72 395 523 204 333 398 336 210 534 215 91 411 603 220 348 732 416 225 353 675 613 230 168 235 428 365 174 47 240 624 180 245 630 186 250 378 766 383 
3 5 role -1 4 
4 16 black -1 
5 22 black -1 320 448 642 4 260 325 520 265 457 330 779 270 527 146 530 275 470 280 475 285 606 290 610 295 487 743 681 490 300 110 431 305 310 503 315 443 508 637 127 255 
6 0 entail -1 19 7 
7 6 base -1 19 8 
8 16 cellHolds -1 9 12 15 
9 17 ?x[0] -1 
10 19 ?x[0] -1 21 9 
11 18 cellHolds 1 258 518 263 9 393 777 268 273 278 538 283 414 288 673 165 293 679 298 426 171 303 559 177 308 183 568 313 189 318 446 195 323 328 201 207 213 473 218 730 223 351 228 485 741 233 238 243 248 506 764 253 381 
12 17 ?y[0] -1 
13 19 ?y[0] -1 25 12 
14 18 cellHolds 2 259 519 264 394 778 12 269 274 279 284 540 415 289 674 294 167 680 299 427 173 304 561 179 309 185 569 314 191 319 447 324 197 329 203 209 214 474 219 731 224 352 229 486 742 234 239 244 249 507 765 254 382 
15 17 ?p[0] -1 
16 19 ?p[0] -1 27 15 
17 18 cellHolds 3 260 520 265 395 779 270 15 275 280 285 542 416 290 675 295 168 681 300 428 174 305 563 180 310 186 570 315 192 320 448 325 198 330 204 210 215 475 220 732 225 353 230 487 743 235 240 245 250 508 766 255 383 
18 23 cellHolds -1 257 517 262 8 392 776 11 267 14 272 17 277 537 282 413 287 672 164 292 678 297 425 170 302 558 176 307 182 567 312 188 317 445 194 322 327 200 206 212 472 217 729 222 350 227 484 740 232 237 242 247 505 763 252 380 
19 3 and -1 20 24 26 
20 15 index -1 21 
21 17 ?x[0] -1 
22 18 index 1 737 781 783 657 785 659 787 21 789 726 791 25 121 793 795 63 
23 21 index -1 736 780 782 656 784 658 786 20 788 725 22 790 24 120 792 794 62 
24 15 index -1 25 
25 17 ?y[0] -1 
26 5 role -1 27 
27 17 ?p[0] -1 
28 0 entail -1 35 29 
29 6 base -1 35 30 
30 16 control -1 31 
31 17 ?p[1] -1 
32 19 ?p[1] -1 36 31 
33 18 control 1 610 613 333 527 470 534 503 378 411 443 603 348 606 31 
34 23 control -1 33 609 612 332 526 469 533 502 377 410 442 602 347 605 30 
35 5 role -1 36 
36 17 ?p[1] -1 
37 0 entail -1 38 43 
38 7 input -1 39 41 43 
39 17 ?p[2] -1 41 
40 19 ?p[2] -1 39 44 
41 16 noop -1 
42 22 noop -1 531 41 524 
43 5 role -1 44 
44 17 ?p[2] -1 
45 0 entail -1 61 46 
46 7 input -1 48 61 47 
47 16 white -1 48 
48 16 move -1 49 52 55 57 
49 17 ?x[1] -1 
50 19 ?x[1] -1 49 55 63 
51 18 move 1 129 577 550 74 459 492 367 112 400 49 433 338 148 93 
52 17 ?y1[0] -1 
53 19 ?y1[0] -1 65 52 
54 18 move 2 131 579 552 76 461 494 369 114 402 435 52 340 150 95 
55 17 ?x[1] -1 
56 18 move 3 97 133 581 554 78 463 496 371 116 404 437 342 55 152 
57 17 ?y2[0] -1 
58 19 ?y2[0] -1 67 57 
59 18 move 4 99 135 583 555 80 465 498 117 373 406 438 343 57 154 
60 23 move -1 128 576 549 73 458 491 366 111 399 48 432 337 51 147 54 56 59 92 
61 3 and -1 64 62 
62 15 index -1 63 
63 17 ?x[1] -1 
64 15 succ -1 65 67 
65 17 ?y1[0] -1 
66 18 succ 1 65 385 513 450 388 139 142 84 87 477 797 158 480 800 161 418 355 803 421 806 103 809 106 812 815 123 510 
67 17 ?y2[0] -1 
68 18 succ 2 386 514 67 451 389 140 143 85 88 478 798 159 481 801 162 419 356 804 422 807 104 810 107 813 816 124 511 
69 21 succ -1 64 384 512 449 66 387 68 138 141 83 86 476 796 157 479 799 160 417 354 802 420 805 102 808 105 811 814 122 509 
70 0 entail -1 82 71 
71 7 input -1 82 72 73 
72 16 white -1 73 
73 16 move -1 80 74 76 78 
74 17 ?x1[0] -1 
75 19 ?x1[0] -1 87 74 
76 17 ?y1[1] -1 
77 19 ?y1[1] -1 84 76 
78 17 ?x2[0] -1 
79 19 ?x2[0] -1 88 78 
80 17 ?y2[1] -1 
81 19 ?y2[1] -1 80 85 
82 3 and -1 83 86 
83 15 succ -1 84 85 
84 17 ?y1[1] -1 
85 17 ?y2[1] -1 
86 15 succ -1 87 88 
87 17 ?x1[0] -1 
88 17 ?x2[0] -1 
89 0 entail -1 101 90 
90 7 input -1 101 91 92 
91 16 white -1 92 
92 16 move -1 97 99 93 95 
93 17 ?x1[1] -1 
94 19 ?x1[1] -1 107 93 
95 17 ?y1[2] -1 
96 19 ?y1[2] -1 103 95 
97 17 ?x2[1] -1 
98 19 ?x2[1] -1 97 106 
99 17 ?y2[2] -1 
100 19 ?y2[2] -1 99 104 
101 3 and -1 102 105 
102 15 succ -1 103 104 
103 17 ?y1[2] -1 
104 17 ?y2[2] -1 
105 15 succ -1 106 107 
106 17 ?x2[1] -1 
107 17 ?x1[1] -1 
108 0 entail -1 119 109 
109 7 input -1 119 110 111 
110 16 black -1 111 
111 16 move -1 112 114 116 117 
112 17 ?x[2] -1 
113 19 ?x[2] -1 112 116 121 
114 17 ?y1[3] -1 
115 19 ?y1[3] -1 114 124 
116 17 ?x[2] -1 
117 17 ?y2[3] -1 
118 19 ?y2[3] -1 117 123 
119 3 and -1 120 122 
120 15 index -1 121 
121 17 ?x[2] -1 
122 15 succ -1 123 124 
123 17 ?y2[3] -1 
124 17 ?y1[3] -1 
125 0 entail -1 137 126 
126 7 input -1 128 137 127 
127 16 black -1 128 
128 16 move -1 129 131 133 135 
129 17 ?x1[2] -1 
130 19 ?x1[2] -1 129 142 
131 17 ?y1[4] -1 
132 19 ?y1[4] -1 131 140 
133 17 ?x2[2] -1 
134 19 ?x2[2] -1 133 143 
135 17 ?y2[4] -1 
136 19 ?y2[4] -1 135 139 
137 3 and -1 138 141 
138 15 succ -1 139 140 
139 17 ?y2[4] -1 
140 17 ?y1[4] -1 
141 15 succ -1 142 143 
142 17 ?x1[2] -1 
143 17 ?x2[2] -1 
144 0 entail -1 145 156 
145 7 input -1 146 147 156 
146 16 black -1 147 
147 16 move -1 148 150 152 154 
148 17 ?x1[3] -1 
149 19 ?x1[3] -1 162 148 
150 17 ?y1[5] -1 
151 19 ?y1[5] -1 150 159 
152 17 ?x2[3] -1 
153 19 ?x2[3] -1 161 152 
154 17 ?y2[5] -1 
155 19 ?y2[5] -1 154 158 
156 3 and -1 160 157 
157 15 succ -1 158 159 
158 17 ?y2[5] -1 
159 17 ?y1[5] -1 
160 15 succ -1 161 162 
161 17 ?x2[3] -1 
162 17 ?x1[3] -1 
163 8 init -1 164 
164 16 cellHolds -1 165 167 168 
165 16 1 -1 
166 22 1 -1 165 197 293 742 167 203 173 781 209 179 213 185 253 797 191 
167 16 1 -1 
168 16 white -1 
169 8 init -1 170 
170 16 cellHolds -1 171 173 174 
171 16 2 -1 
172 22 2 -1 224 800 258 229 234 298 171 239 783 244 214 249 218 219 798 
173 16 1 -1 
174 16 white -1 
175 8 init -1 176 
176 16 cellHolds -1 177 179 180 
177 16 3 -1 
178 22 3 -1 177 785 801 803 263 223 303 
179 16 1 -1 
180 16 white -1 
181 8 init -1 182 
182 16 cellHolds -1 183 185 186 
183 16 4 -1 
184 22 4 -1 787 228 308 804 806 183 268 
185 16 1 -1 
186 16 white -1 
187 8 init -1 188 
188 16 cellHolds -1 192 189 191 
189 16 5 -1 
190 22 5 -1 273 789 807 233 313 809 189 
191 16 1 -1 
192 16 white -1 
193 8 init -1 194 
194 16 cellHolds -1 195 197 198 
195 16 6 -1 
196 22 6 -1 195 278 791 810 812 238 318 
197 16 1 -1 
198 16 white -1 
199 8 init -1 200 
200 16 cellHolds -1 201 203 204 
201 16 7 -1 
202 22 7 -1 289 259 323 264 201 269 813 815 274 243 279 793 283 284 254 
203 16 1 -1 
204 16 white -1 
205 8 init -1 206 
206 16 cellHolds -1 209 210 207 
207 16 8 -1 
208 22 8 -1 288 324 294 328 329 299 207 304 816 309 248 314 731 795 319 
209 16 1 -1 
210 16 white -1 
211 8 init -1 212 
212 16 cellHolds -1 213 214 215 
213 16 1 -1 
214 16 2 -1 
215 16 white -1 
216 8 init -1 217 
217 16 cellHolds -1 218 219 220 
218 16 2 -1 
219 16 2 -1 
220 16 white -1 
221 8 init -1 222 
222 16 cellHolds -1 224 225 223 
223 16 3 -1 
224 16 2 -1 
225 16 white -1 
226 8 init -1 227 
227 16 cellHolds -1 228 229 230 
228 16 4 -1 
229 16 2 -1 
230 16 white -1 
231 8 init -1 232 
232 16 cellHolds -1 233 234 235 
233 16 5 -1 
234 16 2 -1 
235 16 white -1 
236 8 init -1 237 
237 16 cellHolds -1 240 238 239 
238 16 6 -1 
239 16 2 -1 
240 16 white -1 
241 8 init -1 242 
242 16 cellHolds -1 243 244 245 
243 16 7 -1 
244 16 2 -1 
245 16 white -1 
246 8 init -1 247 
247 16 cellHolds -1 248 249 250 
248 16 8 -1 
249 16 2 -1 
250 16 white -1 
251 8 init -1 252 
252 16 cellHolds -1 253 254 255 
253 16 1 -1 
254 16 7 -1 
255 16 black -1 
256 8 init -1 257 
257 16 cellHolds -1 258 259 260 
258 16 2 -1 
259 16 7 -1 
260 16 black -1 
261 8 init -1 262 
262 16 cellHolds -1 263 264 265 
263 16 3 -1 
264 16 7 -1 
265 16 black -1 
266 8 init -1 267 
267 16 cellHolds -1 268 269 270 
268 16 4 -1 
269 16 7 -1 
270 16 black -1 
271 8 init -1 272 
272 16 cellHolds -1 273 274 275 
273 16 5 -1 
274 16 7 -1 
275 16 black -1 
276 8 init -1 277 
277 16 cellHolds -1 278 279 280 
278 16 6 -1 
279 16 7 -1 
280 16 black -1 
281 8 init -1 282 
282 16 cellHolds -1 283 284 285 
283 16 7 -1 
284 16 7 -1 
285 16 black -1 
286 8 init -1 287 
287 16 cellHolds -1 288 289 290 
288 16 8 -1 
289 16 7 -1 
290 16 black -1 
291 8 init -1 292 
292 16 cellHolds -1 293 294 295 
293 16 1 -1 
294 16 8 -1 
295 16 black -1 
296 8 init -1 297 
297 16 cellHolds -1 298 299 300 
298 16 2 -1 
299 16 8 -1 
300 16 black -1 
301 8 init -1 302 
302 16 cellHolds -1 304 305 303 
303 16 3 -1 
304 16 8 -1 
305 16 black -1 
306 8 init -1 307 
307 16 cellHolds -1 308 309 310 
308 16 4 -1 
309 16 8 -1 
310 16 black -1 
311 8 init -1 312 
312 16 cellHolds -1 313 314 315 
313 16 5 -1 
314 16 8 -1 
315 16 black -1 
316 8 init -1 317 
317 16 cellHolds -1 320 318 319 
318 16 6 -1 
319 16 8 -1 
320 16 black -1 
321 8 init -1 322 
322 16 cellHolds -1 323 324 325 
323 16 7 -1 
324 16 8 -1 
325 16 black -1 
326 8 init -1 327 
327 16 cellHolds -1 328 329 330 
328 16 8 -1 
329 16 8 -1 
330 16 black -1 
331 8 init -1 332 
332 16 control -1 333 
333 16 white -1 
334 0 entail -1 345 335 
335 12 legal -1 336 337 345 
336 16 white -1 337 
337 16 move -1 338 340 342 343 
338 17 ?x[3] -1 
339 19 ?x[3] -1 338 342 358 351 
340 17 ?y1[6] -1 
341 19 ?y1[6] -1 352 355 340 
342 17 ?x[3] -1 
343 17 ?y2[6] -1 
344 19 ?y2[6] -1 356 343 360 
345 3 and -1 354 357 346 349 
346 9 true -1 347 
347 16 control -1 348 
348 16 white -1 
349 9 true -1 350 
350 16 cellHolds -1 352 353 351 
351 17 ?x[3] -1 
352 17 ?y1[6] -1 
353 16 white -1 
354 15 succ -1 355 356 
355 17 ?y1[6] -1 
356 17 ?y2[6] -1 
357 15 cellEmpty -1 358 360 
358 17 ?x[3] -1 
359 18 cellEmpty 1 453 358 662 
360 17 ?y2[6] -1 
361 18 cellEmpty 2 454 360 664 
362 21 cellEmpty -1 452 357 661 359 361 
363 0 entail -1 375 364 
364 12 legal -1 375 365 366 
365 16 white -1 366 
366 16 move -1 369 371 373 367 
367 17 ?x1[4] -1 
368 19 ?x1[4] -1 388 381 367 
369 17 ?y1[7] -1 
370 19 ?y1[7] -1 369 385 382 
371 17 ?x2[4] -1 
372 19 ?x2[4] -1 371 389 393 
373 17 ?y2[7] -1 
374 19 ?y2[7] -1 386 373 394 
375 3 and -1 384 387 390 376 379 
376 9 true -1 377 
377 16 control -1 378 
378 16 white -1 
379 9 true -1 380 
380 16 cellHolds -1 381 382 383 
381 17 ?x1[4] -1 
382 17 ?y1[7] -1 
383 16 white -1 
384 15 succ -1 385 386 
385 17 ?y1[7] -1 
386 17 ?y2[7] -1 
387 15 succ -1 388 389 
388 17 ?x1[4] -1 
389 17 ?x2[4] -1 
390 2 not -1 391 
391 9 true -1 392 
392 16 cellHolds -1 393 394 395 
393 17 ?x2[4] -1 
394 17 ?y2[7] -1 
395 16 white -1 
396 0 entail -1 408 397 
397 12 legal -1 408 398 399 
398 16 white -1 399 
399 16 move -1 400 402 404 406 
400 17 ?x1[5] -1 
401 19 ?x1[5] -1 400 422 414 
402 17 ?y1[8] -1 
403 19 ?y1[8] -1 402 418 415 
404 17 ?x2[5] -1 
405 19 ?x2[5] -1 404 421 426 
406 17 ?y2[8] -1 
407 19 ?y2[8] -1 419 406 427 
408 3 and -1 417 420 423 409 412 
409 9 true -1 410 
410 16 control -1 411 
411 16 white -1 
412 9 true -1 413 
413 16 cellHolds -1 416 414 415 
414 17 ?x1[5] -1 
415 17 ?y1[8] -1 
416 16 white -1 
417 15 succ -1 418 419 
418 17 ?y1[8] -1 
419 17 ?y2[8] -1 
420 15 succ -1 421 422 
421 17 ?x2[5] -1 
422 17 ?x1[5] -1 
423 2 not -1 424 
424 9 true -1 425 
425 16 cellHolds -1 426 427 428 
426 17 ?x2[5] -1 
427 17 ?y2[8] -1 
428 16 white -1 
429 0 entail -1 440 430 
430 12 legal -1 432 440 431 
431 16 black -1 432 
432 16 move -1 433 435 437 438 
433 17 ?x[4] -1 
434 19 ?x[4] -1 433 437 453 446 
435 17 ?y1[9] -1 
436 19 ?y1[9] -1 435 451 447 
437 17 ?x[4] -1 
438 17 ?y2[9] -1 
439 19 ?y2[9] -1 450 438 454 
440 3 and -1 449 452 441 444 
441 9 true -1 442 
442 16 control -1 443 
443 16 black -1 
444 9 true -1 445 
445 16 cellHolds -1 448 446 447 
446 17 ?x[4] -1 
447 17 ?y1[9] -1 
448 16 black -1 
449 15 succ -1 450 451 
450 17 ?y2[9] -1 
451 17 ?y1[9] -1 
452 15 cellEmpty -1 453 454 
453 17 ?x[4] -1 
454 17 ?y2[9] -1 
455 0 entail -1 467 456 
456 12 legal -1 467 457 458 
457 16 black -1 458 
458 16 move -1 465 459 461 463 
459 17 ?x1[6] -1 
460 19 ?x1[6] -1 480 473 459 
461 17 ?y1[10] -1 
462 19 ?y1[10] -1 474 461 478 
463 17 ?x2[6] -1 
464 19 ?x2[6] -1 481 485 463 
465 17 ?y2[10] -1 
466 19 ?y2[10] -1 465 486 477 
467 3 and -1 482 468 471 476 479 
468 9 true -1 469 
469 16 control -1 470 
470 16 black -1 
471 9 true -1 472 
472 16 cellHolds -1 473 474 475 
473 17 ?x1[6] -1 
474 17 ?y1[10] -1 
475 16 black -1 
476 15 succ -1 477 478 
477 17 ?y2[10] -1 
478 17 ?y1[10] -1 
479 15 succ -1 480 481 
480 17 ?x1[6] -1 
481 17 ?x2[6] -1 
482 2 not -1 483 
483 9 true -1 484 
484 16 cellHolds -1 485 486 487 
485 17 ?x2[6] -1 
486 17 ?y2[10] -1 
487 16 black -1 
488 0 entail -1 500 489 
489 12 legal -1 500 490 491 
490 16 black -1 491 
491 16 move -1 496 498 492 494 
492 17 ?x1[7] -1 
493 19 ?x1[7] -1 514 506 492 
494 17 ?y1[11] -1 
495 19 ?y1[11] -1 507 494 511 
496 17 ?x2[7] -1 
497 19 ?x2[7] -1 496 513 518 
498 17 ?y2[11] -1 
499 19 ?y2[11] -1 498 519 510 
500 3 and -1 512 515 501 504 509 
501 9 true -1 502 
502 16 control -1 503 
503 16 black -1 
504 9 true -1 505 
505 16 cellHolds -1 506 507 508 
506 17 ?x1[7] -1 
507 17 ?y1[11] -1 
508 16 black -1 
509 15 succ -1 510 511 
510 17 ?y2[11] -1 
511 17 ?y1[11] -1 
512 15 succ -1 513 514 
513 17 ?x2[7] -1 
514 17 ?x1[7] -1 
515 2 not -1 516 
516 9 true -1 517 
517 16 cellHolds -1 518 519 520 
518 17 ?x2[7] -1 
519 17 ?y2[11] -1 
520 16 black -1 
521 0 entail -1 522 525 
522 12 legal -1 523 524 525 
523 16 white -1 524 
524 16 noop -1 
525 9 true -1 526 
526 16 control -1 527 
527 16 black -1 
528 0 entail -1 529 532 
529 12 legal -1 530 531 532 
530 16 black -1 531 
531 16 noop -1 
532 9 true -1 533 
533 16 control -1 534 
534 16 white -1 
535 0 entail -1 544 536 
536 11 next -1 544 537 
537 16 cellHolds -1 538 540 542 
538 17 ?x2[8] -1 
539 19 ?x2[8] -1 538 554 
540 17 ?y2[12] -1 
541 19 ?y2[12] -1 555 540 
542 17 ?player[0] -1 
543 19 ?player[0] -1 546 548 542 
544 3 and -1 545 547 
545 5 role -1 546 
546 17 ?player[0] -1 
547 10 does -1 548 549 
548 17 ?player[0] -1 549 
549 16 move -1 550 552 554 555 
550 17 ?x1[8] -1 
551 19 ?x1[8] -1 550 
552 17 ?y1[12] -1 
553 19 ?y1[12] -1 552 
554 17 ?x2[8] -1 
555 17 ?y2[12] -1 
556 0 entail -1 565 557 
557 11 next -1 565 558 
558 16 cellHolds -1 561 563 559 
559 17 ?x3[0] -1 
560 19 ?x3[0] -1 598 568 590 559 
561 17 ?y3[0] -1 
562 19 ?y3[0] -1 592 561 599 569 
563 17 ?state[0] -1 
564 19 ?state[0] -1 563 570 
565 3 and -1 595 566 585 571 574 
566 9 true -1 567 
567 16 cellHolds -1 568 569 570 
568 17 ?x3[0] -1 
569 17 ?y3[0] -1 
570 17 ?state[0] -1 
571 5 role -1 572 
572 17 ?player[1] -1 
573 19 ?player[1] -1 572 575 
574 10 does -1 576 575 
575 17 ?player[1] -1 576 
576 16 move -1 577 579 581 583 
577 17 ?x1[9] -1 
578 19 ?x1[9] -1 577 586 
579 17 ?y1[13] -1 
580 19 ?y1[13] -1 579 588 
581 17 ?x2[9] -1 
582 19 ?x2[9] -1 596 581 
583 17 ?y2[13] -1 
584 19 ?y2[13] -1 597 583 
585 15 distinctCell -1 592 586 588 590 
586 17 ?x1[9] -1 
587 18 distinctCell 1 704 596 586 684 
588 17 ?y1[13] -1 
589 18 distinctCell 2 706 597 588 686 
590 17 ?x3[0] -1 
591 18 distinctCell 3 688 708 598 590 
592 17 ?y3[0] -1 
593 18 distinctCell 4 592 690 710 599 
594 21 distinctCell -1 593 595 585 587 683 589 591 703 
595 15 distinctCell -1 596 597 598 599 
596 17 ?x2[9] -1 
597 17 ?y2[13] -1 
598 17 ?x3[0] -1 
599 17 ?y3[0] -1 
600 0 entail -1 601 604 
601 11 next -1 602 604 
602 16 control -1 603 
603 16 white -1 
604 9 true -1 605 
605 16 control -1 606 
606 16 black -1 
607 0 entail -1 608 611 
608 11 next -1 609 611 
609 16 control -1 610 
610 16 black -1 
611 9 true -1 612 
612 16 control -1 613 
613 16 white -1 
614 0 entail -1 615 616 
615 14 terminal -1 616 
616 15 whiteWin -1 
617 20 whiteWin -1 627 723 616 745 634 
618 0 entail -1 619 620 
619 14 terminal -1 620 
620 15 blackWin -1 
621 20 blackWin -1 645 620 734 750 639 
622 0 entail -1 627 623 
623 13 goal -1 624 625 627 
624 16 white -1 625 
625 16 100 -1 
626 22 100 -1 625 638 
627 15 whiteWin -1 
628 0 entail -1 629 633 
629 13 goal -1 630 631 633 
630 16 white -1 631 
631 16 0 -1 
632 22 0 -1 643 631 
633 2 not -1 634 
634 15 whiteWin -1 
635 0 entail -1 636 639 
636 13 goal -1 637 638 639 
637 16 black -1 638 
638 16 100 -1 
639 15 blackWin -1 
640 0 entail -1 641 644 
641 13 goal -1 642 643 644 
642 16 black -1 643 
643 16 0 -1 
644 2 not -1 645 
645 15 blackWin -1 
646 0 entail -1 647 655 
647 15 cell -1 648 651 655 
648 17 ?x[5] -1 
649 19 ?x[5] -1 657 648 
650 18 cell 1 771 694 758 648 697 714 668 717 
651 17 ?y[1] -1 
652 19 ?y[1] -1 659 651 
653 18 cell 2 773 695 760 698 651 715 669 718 
654 21 cell -1 770 693 757 647 696 713 650 667 716 653 
655 3 and -1 656 658 
656 15 index -1 657 
657 17 ?x[5] -1 
658 15 index -1 659 
659 17 ?y[1] -1 
660 0 entail -1 661 666 
661 15 cellEmpty -1 662 664 666 
662 17 ?x[6] -1 
663 19 ?x[6] -1 673 662 679 668 
664 17 ?y[2] -1 
665 19 ?y[2] -1 674 664 680 669 
666 3 and -1 676 667 670 
667 15 cell -1 668 669 
668 17 ?x[6] -1 
669 17 ?y[2] -1 
670 2 not -1 671 
671 9 true -1 672 
672 16 cellHolds -1 673 674 675 
673 17 ?x[6] -1 
674 17 ?y[2] -1 
675 16 white -1 
676 2 not -1 677 
677 9 true -1 678 
678 16 cellHolds -1 679 680 681 
679 17 ?x[6] -1 
680 17 ?y[2] -1 
681 16 black -1 
682 0 entail -1 692 683 
683 15 distinctCell -1 688 690 692 684 686 
684 17 ?x1[10] -1 
685 19 ?x1[10] -1 694 684 700 
686 17 ?y1[14] -1 
687 19 ?y1[14] -1 695 686 
688 17 ?x2[10] -1 
689 19 ?x2[10] -1 688 697 701 
690 17 ?y2[14] -1 
691 19 ?y2[14] -1 690 698 
692 3 and -1 693 696 699 
693 15 cell -1 694 695 
694 17 ?x1[10] -1 
695 17 ?y1[14] -1 
696 15 cell -1 697 698 
697 17 ?x2[10] -1 
698 17 ?y2[14] -1 
699 1 and -1 700 701 
700 17 ?x1[10] -1 
701 17 ?x2[10] -1 
702 0 entail -1 712 703 
703 15 distinctCell -1 704 706 708 710 712 
704 17 ?x1[11] -1 
705 19 ?x1[11] -1 704 714 
706 17 ?y1[15] -1 
707 19 ?y1[15] -1 720 706 715 
708 17 ?x2[11] -1 
709 19 ?x2[11] -1 708 717 
710 17 ?y2[15] -1 
711 19 ?y2[15] -1 721 710 718 
712 3 and -1 713 716 719 
713 15 cell -1 714 715 
714 17 ?x1[11] -1 
715 17 ?y1[15] -1 
716 15 cell -1 717 718 
717 17 ?x2[11] -1 
718 17 ?y2[15] -1 
719 1 and -1 720 721 
720 17 ?y1[15] -1 
721 17 ?y2[15] -1 
722 0 entail -1 723 724 
723 15 whiteWin -1 724 
724 3 and -1 725 728 
725 15 index -1 726 
726 17 ?x[7] -1 
727 19 ?x[7] -1 726 730 
728 9 true -1 729 
729 16 cellHolds -1 730 731 732 
730 17 ?x[7] -1 
731 16 8 -1 
732 16 white -1 
733 0 entail -1 734 735 
734 15 blackWin -1 735 
735 3 and -1 736 739 
736 15 index -1 737 
737 17 ?x[8] -1 
738 19 ?x[8] -1 737 741 
739 9 true -1 740 
740 16 cellHolds -1 741 742 743 
741 17 ?x[8] -1 
742 16 1 -1 
743 16 black -1 
744 0 entail -1 745 746 
745 15 whiteWin -1 746 
746 2 not -1 747 
747 15 blackCell -1 
748 20 blackCell -1 768 747 
749 0 entail -1 750 751 
750 15 blackWin -1 751 
751 2 not -1 752 
752 15 whiteCell -1 
753 20 whiteCell -1 752 755 
754 0 entail -1 755 756 
755 15 whiteCell -1 756 
756 3 and -1 757 762 
757 15 cell -1 758 760 
758 17 ?x[9] -1 
759 19 ?x[9] -1 758 764 
760 17 ?y[3] -1 
761 19 ?y[3] -1 760 765 
762 9 true -1 763 
763 16 cellHolds -1 764 765 766 
764 17 ?x[9] -1 
765 17 ?y[3] -1 
766 16 white -1 
767 0 entail -1 768 769 
768 15 blackCell -1 769 
769 3 and -1 770 775 
770 15 cell -1 771 773 
771 17 ?x[10] -1 
772 19 ?x[10] -1 771 777 
773 17 ?y[4] -1 
774 19 ?y[4] -1 773 778 
775 9 true -1 776 
776 16 cellHolds -1 777 778 779 
777 17 ?x[10] -1 
778 17 ?y[4] -1 
779 16 black -1 
780 15 index -1 781 
781 16 1 -1 
782 15 index -1 783 
783 16 2 -1 
784 15 index -1 785 
785 16 3 -1 
786 15 index -1 787 
787 16 4 -1 
788 15 index -1 789 
789 16 5 -1 
790 15 index -1 791 
791 16 6 -1 
792 15 index -1 793 
793 16 7 -1 
794 15 index -1 795 
795 16 8 -1 
796 15 succ -1 797 798 
797 16 1 -1 
798 16 2 -1 
799 15 succ -1 800 801 
800 16 2 -1 
801 16 3 -1 
802 15 succ -1 803 804 
803 16 3 -1 
804 16 4 -1 
805 15 succ -1 806 807 
806 16 4 -1 
807 16 5 -1 
808 15 succ -1 809 810 
809 16 5 -1 
810 16 6 -1 
811 15 succ -1 812 813 
812 16 6 -1 
813 16 7 -1 
814 15 succ -1 816 815 
815 16 7 -1 
816 16 8 -1 
