0 5 role -1 1 
1 16 red -1 
2 22 red -1 32 288 1 65 225 259 197 230 72 169 201 267 204 79 210 179 183 248 90 218 62 
3 5 role -1 4 
4 16 black -1 
5 22 black -1 256 4 100 37 69 262 294 233 172 237 270 176 240 243 213 86 251 93 189 222 
6 0 entail -1 19 7 
7 6 base -1 19 8 
8 16 cell -1 9 12 15 
9 17 ?x[0] -1 
10 19 ?x[0] -1 21 9 
11 18 cell 1 354 163 292 388 325 485 454 9 393 106 490 364 495 434 403 439 344 155 124 444 349 286 383 
12 17 ?y[0] -1 
13 19 ?y[0] -1 25 12 
14 18 cell 2 384 355 164 293 389 486 327 456 394 491 12 108 366 496 435 405 440 345 157 445 126 350 287 
15 17 ?p[0] -1 
16 19 ?p[0] -1 29 15 
17 18 cell 3 128 288 385 356 165 294 390 487 329 458 395 492 110 15 368 497 436 407 441 346 446 159 351 
18 23 cell -1 387 324 453 8 392 11 14 17 402 343 154 348 285 353 162 291 484 105 489 363 494 433 438 123 443 382 
19 3 and -1 20 24 28 
20 15 x -1 21 
21 17 ?x[0] -1 
22 18 x 1 528 530 51 532 21 534 280 536 314 538 540 526 
23 21 x -1 525 527 529 50 531 20 533 22 279 535 313 537 539 
24 15 y -1 25 
25 17 ?y[0] -1 
26 18 y 1 544 546 548 550 552 25 282 542 
27 21 y -1 545 547 549 551 24 281 26 541 543 
28 5 role -1 29 
29 17 ?p[0] -1 
30 6 base -1 31 
31 16 control -1 32 
32 16 red -1 
33 18 control 1 32 176 179 100 37 69 169 90 172 62 79 
34 23 control -1 33 178 99 36 68 168 89 171 61 78 31 175 
35 6 base -1 36 
36 16 control -1 37 
37 16 black -1 
38 0 entail -1 39 47 
39 7 input -1 40 42 47 
40 17 ?p[1] -1 42 
41 19 ?p[1] -1 49 40 
42 16 drop -1 43 
43 17 ?x[1] -1 
44 19 ?x[1] -1 51 43 
45 18 drop 1 116 134 74 43 95 
46 23 drop -1 115 133 73 42 45 94 
47 3 and -1 48 50 
48 5 role -1 49 
49 17 ?p[1] -1 
50 15 x -1 51 
51 17 ?x[1] -1 
52 0 entail -1 53 58 
53 7 input -1 54 56 58 
54 17 ?p[2] -1 56 
55 19 ?p[2] -1 54 59 
56 16 noop -1 
57 22 noop -1 66 87 56 
58 5 role -1 59 
59 17 ?p[2] -1 
60 8 init -1 61 
61 16 control -1 62 
62 16 red -1 
63 0 entail -1 64 67 
64 12 legal -1 65 66 67 
65 16 red -1 66 
66 16 noop -1 
67 9 true -1 68 
68 16 control -1 69 
69 16 black -1 
70 0 entail -1 71 76 
71 12 legal -1 72 73 76 
72 16 red -1 73 
73 16 drop -1 74 
74 17 ?x[2] -1 
75 19 ?x[2] -1 81 74 
76 3 and -1 80 77 
77 9 true -1 78 
78 16 control -1 79 
79 16 red -1 
80 15 columnOpen -1 81 
81 17 ?x[2] -1 
82 18 columnOpen 1 81 102 297 317 
83 21 columnOpen -1 80 82 101 296 316 
84 0 entail -1 85 88 
85 12 legal -1 86 87 88 
86 16 black -1 87 
87 16 noop -1 
88 9 true -1 89 
89 16 control -1 90 
90 16 red -1 
91 0 entail -1 97 92 
92 12 legal -1 97 93 94 
93 16 black -1 94 
94 16 drop -1 95 
95 17 ?x[3] -1 
96 19 ?x[3] -1 102 95 
97 3 and -1 98 101 
98 9 true -1 99 
99 16 control -1 100 
100 16 black -1 
101 15 columnOpen -1 102 
102 17 ?x[3] -1 
103 0 entail -1 112 104 
104 11 next -1 112 105 
105 16 cell -1 106 108 110 
106 17 ?x[4] -1 
107 19 ?x[4] -1 116 118 106 
108 16 1 -1 
109 22 1 -1 499 309 108 526 542 
110 17 ?player[0] -1 
111 19 ?player[0] -1 114 110 
112 3 and -1 113 117 
113 10 does -1 114 115 
114 17 ?player[0] -1 115 
115 16 drop -1 116 
116 17 ?x[4] -1 
117 15 columnEmpty -1 118 
118 17 ?x[4] -1 
119 18 columnEmpty 1 305 118 
120 21 columnEmpty -1 304 117 119 
121 0 entail -1 130 122 
122 11 next -1 130 123 
123 16 cell -1 128 124 126 
124 17 ?x[5] -1 
125 19 ?x[5] -1 134 150 136 124 
126 17 ?y2[0] -1 
127 19 ?y2[0] -1 145 138 126 
128 17 ?player[1] -1 
129 19 ?player[1] -1 128 132 
130 3 and -1 131 148 135 141 
131 10 does -1 132 133 
132 17 ?player[1] -1 133 
133 16 drop -1 134 
134 17 ?x[5] -1 
135 15 cellOpen -1 136 138 
136 17 ?x[5] -1 
137 18 cellOpen 1 274 308 150 136 300 
138 17 ?y2[0] -1 
139 18 cellOpen 2 276 309 151 138 301 
140 21 cellOpen -1 273 307 149 135 137 139 299 
141 15 succ -1 145 142 
142 17 ?y1[0] -1 
143 19 ?y1[0] -1 151 142 
144 18 succ 1 515 518 522 331 460 142 335 464 339 468 472 409 476 413 480 417 421 425 429 370 499 374 503 378 507 511 
145 17 ?y2[0] -1 
146 18 succ 2 512 516 519 523 332 461 336 145 465 340 469 410 474 414 478 418 482 422 426 430 371 500 375 504 379 508 
147 21 succ -1 514 517 521 330 459 141 334 463 144 146 338 467 471 408 475 412 479 416 420 424 428 369 498 373 502 377 506 510 
148 2 not -1 149 
149 15 cellOpen -1 150 151 
150 17 ?x[5] -1 
151 17 ?y1[0] -1 
152 0 entail -1 161 153 
153 11 next -1 161 154 
154 16 cell -1 155 157 159 
155 17 ?x[6] -1 
156 19 ?x[6] -1 163 155 
157 17 ?y[1] -1 
158 19 ?y[1] -1 164 157 
159 17 ?player[2] -1 
160 19 ?player[2] -1 165 159 
161 9 true -1 162 
162 16 cell -1 163 164 165 
163 17 ?x[6] -1 
164 17 ?y[1] -1 
165 17 ?player[2] -1 
166 0 entail -1 167 170 
167 11 next -1 168 170 
168 16 control -1 169 
169 16 red -1 
170 9 true -1 171 
171 16 control -1 172 
172 16 black -1 
173 0 entail -1 177 174 
174 11 next -1 177 175 
175 16 control -1 176 
176 16 black -1 
177 9 true -1 178 
178 16 control -1 179 
179 16 red -1 
180 0 entail -1 181 182 
181 14 terminal -1 182 
182 15 line -1 183 
183 16 red -1 
184 18 line 1 320 449 259 230 359 201 233 267 270 398 240 210 213 183 248 251 189 222 
185 21 line -1 448 258 229 358 200 232 266 269 397 239 209 212 182 247 184 250 188 221 319 
186 0 entail -1 187 188 
187 14 terminal -1 188 
188 15 line -1 189 
189 16 black -1 
190 0 entail -1 192 191 
191 14 terminal -1 192 
192 2 not -1 193 
193 15 boardOpen -1 
194 20 boardOpen -1 193 215 311 234 253 271 
195 0 entail -1 196 200 
196 13 goal -1 197 198 200 
197 16 red -1 198 
198 16 100 -1 
199 22 100 -1 198 238 
200 15 line -1 201 
201 16 red -1 
202 0 entail -1 203 207 
203 13 goal -1 204 205 207 
204 16 red -1 205 
205 16 50 -1 
206 22 50 -1 244 205 
207 3 and -1 208 211 214 
208 2 not -1 209 
209 15 line -1 210 
210 16 red -1 
211 2 not -1 212 
212 15 line -1 213 
213 16 black -1 
214 2 not -1 215 
215 15 boardOpen -1 
216 0 entail -1 217 221 
217 13 goal -1 218 219 221 
218 16 red -1 219 
219 16 0 -1 
220 22 0 -1 257 226 263 219 
221 15 line -1 222 
222 16 black -1 
223 0 entail -1 224 227 
224 13 goal -1 225 226 227 
225 16 red -1 226 
226 16 0 -1 
227 3 and -1 228 231 234 
228 2 not -1 229 
229 15 line -1 230 
230 16 red -1 
231 2 not -1 232 
232 15 line -1 233 
233 16 black -1 
234 15 boardOpen -1 
235 0 entail -1 236 239 
236 13 goal -1 237 238 239 
237 16 black -1 238 
238 16 100 -1 
239 15 line -1 240 
240 16 black -1 
241 0 entail -1 242 245 
242 13 goal -1 243 244 245 
243 16 black -1 244 
244 16 50 -1 
245 3 and -1 246 249 252 
246 2 not -1 247 
247 15 line -1 248 
248 16 red -1 
249 2 not -1 250 
250 15 line -1 251 
251 16 black -1 
252 2 not -1 253 
253 15 boardOpen -1 
254 0 entail -1 258 255 
255 13 goal -1 256 257 258 
256 16 black -1 257 
257 16 0 -1 
258 15 line -1 259 
259 16 red -1 
260 0 entail -1 261 264 
261 13 goal -1 262 263 264 
262 16 black -1 263 
263 16 0 -1 
264 3 and -1 265 268 271 
265 2 not -1 266 
266 15 line -1 267 
267 16 red -1 
268 2 not -1 269 
269 15 line -1 270 
270 16 black -1 
271 15 boardOpen -1 
272 0 entail -1 273 278 
273 15 cellOpen -1 274 276 278 
274 17 ?x[7] -1 
275 19 ?x[7] -1 274 292 280 286 
276 17 ?y[2] -1 
277 19 ?y[2] -1 276 293 282 287 
278 3 and -1 289 279 281 283 
279 15 x -1 280 
280 17 ?x[7] -1 
281 15 y -1 282 
282 17 ?y[2] -1 
283 2 not -1 284 
284 9 true -1 285 
285 16 cell -1 288 286 287 
286 17 ?x[7] -1 
287 17 ?y[2] -1 
288 16 red -1 
289 2 not -1 290 
290 9 true -1 291 
291 16 cell -1 292 293 294 
292 17 ?x[7] -1 
293 17 ?y[2] -1 
294 16 black -1 
295 0 entail -1 296 299 
296 15 columnOpen -1 297 299 
297 17 ?x[8] -1 
298 19 ?x[8] -1 297 300 
299 15 cellOpen -1 300 301 
300 17 ?x[8] -1 
301 16 6 -1 
302 22 6 -1 516 518 536 552 301 
303 0 entail -1 304 307 
304 15 columnEmpty -1 305 307 
305 17 ?x[9] -1 
306 19 ?x[9] -1 305 308 
307 15 cellOpen -1 308 309 
308 17 ?x[9] -1 
309 16 1 -1 
310 0 entail -1 311 312 
311 15 boardOpen -1 312 
312 3 and -1 313 316 
313 15 x -1 314 
314 17 ?x[10] -1 
315 19 ?x[10] -1 314 317 
316 15 columnOpen -1 317 
317 17 ?x[10] -1 
318 0 entail -1 322 319 
319 15 line -1 320 322 
320 17 ?player[3] -1 
321 19 ?player[3] -1 320 356 329 346 351 
322 3 and -1 352 338 323 342 330 347 334 
323 9 true -1 324 
324 16 cell -1 325 327 329 
325 17 ?x1[0] -1 
326 19 ?x1[0] -1 325 331 
327 17 ?y[3] -1 
328 19 ?y[3] -1 355 327 345 350 
329 17 ?player[3] -1 
330 15 succ -1 331 332 
331 17 ?x1[0] -1 
332 17 ?x2[0] -1 
333 19 ?x2[0] -1 344 332 335 
334 15 succ -1 336 335 
335 17 ?x2[0] -1 
336 17 ?x3[0] -1 
337 19 ?x3[0] -1 336 339 349 
338 15 succ -1 339 340 
339 17 ?x3[0] -1 
340 17 ?x4[0] -1 
341 19 ?x4[0] -1 354 340 
342 9 true -1 343 
343 16 cell -1 344 345 346 
344 17 ?x2[0] -1 
345 17 ?y[3] -1 
346 17 ?player[3] -1 
347 9 true -1 348 
348 16 cell -1 349 350 351 
349 17 ?x3[0] -1 
350 17 ?y[3] -1 
351 17 ?player[3] -1 
352 9 true -1 353 
353 16 cell -1 354 355 356 
354 17 ?x4[0] -1 
355 17 ?y[3] -1 
356 17 ?player[3] -1 
357 0 entail -1 358 361 
358 15 line -1 359 361 
359 17 ?player[4] -1 
360 19 ?player[4] -1 368 385 390 359 395 
361 3 and -1 369 386 373 391 377 362 381 
362 9 true -1 363 
363 16 cell -1 368 364 366 
364 17 ?x[11] -1 
365 19 ?x[11] -1 388 393 364 383 
366 17 ?y1[1] -1 
367 19 ?y1[1] -1 370 366 
368 17 ?player[4] -1 
369 15 succ -1 370 371 
370 17 ?y1[1] -1 
371 17 ?y2[1] -1 
372 19 ?y2[1] -1 384 371 374 
373 15 succ -1 374 375 
374 17 ?y2[1] -1 
375 17 ?y3[0] -1 
376 19 ?y3[0] -1 389 375 378 
377 15 succ -1 378 379 
378 17 ?y3[0] -1 
379 17 ?y4[0] -1 
380 19 ?y4[0] -1 394 379 
381 9 true -1 382 
382 16 cell -1 384 385 383 
383 17 ?x[11] -1 
384 17 ?y2[1] -1 
385 17 ?player[4] -1 
386 9 true -1 387 
387 16 cell -1 388 389 390 
388 17 ?x[11] -1 
389 17 ?y3[0] -1 
390 17 ?player[4] -1 
391 9 true -1 392 
392 16 cell -1 393 394 395 
393 17 ?x[11] -1 
394 17 ?y4[0] -1 
395 17 ?player[4] -1 
396 0 entail -1 400 397 
397 15 line -1 400 398 
398 17 ?player[5] -1 
399 19 ?player[5] -1 436 407 441 398 446 
400 3 and -1 416 432 401 420 437 408 424 442 412 428 
401 9 true -1 402 
402 16 cell -1 403 405 407 
403 17 ?x1[1] -1 
404 19 ?x1[1] -1 403 409 
405 17 ?y1[2] -1 
406 19 ?y1[2] -1 405 421 
407 17 ?player[5] -1 
408 15 succ -1 409 410 
409 17 ?x1[1] -1 
410 17 ?x2[1] -1 
411 19 ?x2[1] -1 434 410 413 
412 15 succ -1 413 414 
413 17 ?x2[1] -1 
414 17 ?x3[1] -1 
415 19 ?x3[1] -1 417 439 414 
416 15 succ -1 417 418 
417 17 ?x3[1] -1 
418 17 ?x4[1] -1 
419 19 ?x4[1] -1 418 444 
420 15 succ -1 421 422 
421 17 ?y1[2] -1 
422 17 ?y2[2] -1 
423 19 ?y2[2] -1 435 422 425 
424 15 succ -1 425 426 
425 17 ?y2[2] -1 
426 17 ?y3[1] -1 
427 19 ?y3[1] -1 440 426 429 
428 15 succ -1 429 430 
429 17 ?y3[1] -1 
430 17 ?y4[1] -1 
431 19 ?y4[1] -1 445 430 
432 9 true -1 433 
433 16 cell -1 434 435 436 
434 17 ?x2[1] -1 
435 17 ?y2[2] -1 
436 17 ?player[5] -1 
437 9 true -1 438 
438 16 cell -1 439 440 441 
439 17 ?x3[1] -1 
440 17 ?y3[1] -1 
441 17 ?player[5] -1 
442 9 true -1 443 
443 16 cell -1 444 445 446 
444 17 ?x4[1] -1 
445 17 ?y4[1] -1 
446 17 ?player[5] -1 
447 0 entail -1 448 451 
448 15 line -1 449 451 
449 17 ?player[6] -1 
450 19 ?player[6] -1 449 497 487 458 492 
451 3 and -1 467 483 452 471 488 459 475 493 463 479 
452 9 true -1 453 
453 16 cell -1 454 456 458 
454 17 ?x1[2] -1 
455 19 ?x1[2] -1 454 460 
456 17 ?y4[2] -1 
457 19 ?y4[2] -1 456 474 
458 17 ?player[6] -1 
459 15 succ -1 460 461 
460 17 ?x1[2] -1 
461 17 ?x2[2] -1 
462 19 ?x2[2] -1 464 485 461 
463 15 succ -1 464 465 
464 17 ?x2[2] -1 
465 17 ?x3[2] -1 
466 19 ?x3[2] -1 465 468 490 
467 15 succ -1 468 469 
468 17 ?x3[2] -1 
469 17 ?x4[2] -1 
470 19 ?x4[2] -1 469 495 
471 15 succ -1 472 474 
472 17 ?y3[2] -1 
473 19 ?y3[2] -1 486 472 478 
474 17 ?y4[2] -1 
475 15 succ -1 476 478 
476 17 ?y2[3] -1 
477 19 ?y2[3] -1 482 491 476 
478 17 ?y3[2] -1 
479 15 succ -1 480 482 
480 17 ?y1[3] -1 
481 19 ?y1[3] -1 480 496 
482 17 ?y2[3] -1 
483 9 true -1 484 
484 16 cell -1 485 486 487 
485 17 ?x2[2] -1 
486 17 ?y3[2] -1 
487 17 ?player[6] -1 
488 9 true -1 489 
489 16 cell -1 490 491 492 
490 17 ?x3[2] -1 
491 17 ?y2[3] -1 
492 17 ?player[6] -1 
493 9 true -1 494 
494 16 cell -1 496 497 495 
495 17 ?x4[2] -1 
496 17 ?y1[3] -1 
497 17 ?player[6] -1 
498 15 succ -1 499 500 
499 16 1 -1 
500 16 2 -1 
501 22 2 -1 528 544 500 503 
502 15 succ -1 503 504 
503 16 2 -1 
504 16 3 -1 
505 22 3 -1 530 546 504 507 
506 15 succ -1 507 508 
507 16 3 -1 
508 16 4 -1 
509 22 4 -1 532 548 508 511 
510 15 succ -1 512 511 
511 16 4 -1 
512 16 5 -1 
513 22 5 -1 512 515 534 550 
514 15 succ -1 515 516 
515 16 5 -1 
516 16 6 -1 
517 15 succ -1 518 519 
518 16 6 -1 
519 16 7 -1 
520 22 7 -1 519 522 538 
521 15 succ -1 522 523 
522 16 7 -1 
523 16 8 -1 
524 22 8 -1 523 540 
525 15 x -1 526 
526 16 1 -1 
527 15 x -1 528 
528 16 2 -1 
529 15 x -1 530 
530 16 3 -1 
531 15 x -1 532 
532 16 4 -1 
533 15 x -1 534 
534 16 5 -1 
535 15 x -1 536 
536 16 6 -1 
537 15 x -1 538 
538 16 7 -1 
539 15 x -1 540 
540 16 8 -1 
541 15 y -1 542 
542 16 1 -1 
543 15 y -1 544 
544 16 2 -1 
545 15 y -1 546 
546 16 3 -1 
547 15 y -1 548 
548 16 4 -1 
549 15 y -1 550 
550 16 5 -1 
551 15 y -1 552 
552 16 6 -1 
