2 5 
1154 1027 1158 1031 1162 1035 1166 1039 18 1170 1043 1174 1047 1178 1051 29 1182 1055 1186 1059 1063 1067 813 1071 818 1075 1079 1083 831 1087 1091 836 967 1095 971 1099 975 1103 722 1107 979 85 1111 983 1115 987 1119 991 610 1123 995 1127 999 1003 1134 1007 497 1138 1011 1142 1015 1146 1019 1150 1023 
559 85 497 813 818 18 29 831 836 610 967 971 975 979 983 987 991 995 999 1003 1007 1011 1015 1019 1023 1027 1031 1035 1039 1043 1047 1051 1055 1059 1063 1067 1071 1075 1079 1083 1087 1091 1095 1099 1103 1107 1111 1115 1119 1123 1127 722 1134 1138 1142 1146 1150 1154 1158 1162 1166 1170 1174 1178 1182 1186 
0 5 role -1 1 
1 16 black -1 
2 22 black -1 1 22 7 40 664 728 490 43 669 14 687 
3 5 role -1 4 
4 16 red -1 
5 22 red -1 673 35 691 4 9 731 684 13 493 30 
6 15 opponent -1 7 9 
7 16 black -1 
8 18 opponent 1 291 246 7 362 715 140 13 335 
9 16 red -1 
10 18 opponent 2 336 292 247 9 363 716 141 14 
11 21 opponent -1 290 245 6 8 361 10 714 139 12 334 
12 15 opponent -1 13 14 
13 16 red -1 
14 16 black -1 
15 8 init -1 16 
16 16 cell -1 17 20 22 
17 16 4 -1 
18 24 4 -1 34 908 17 20 822 854 951 824 856 888 953 890 27 
19 18 cell 1 33 260 645 38 454 135 619 173 205 525 589 17 562 435 468 376 27 187 444 413 509 766 159 
20 16 4 -1 
21 18 cell 2 160 768 34 261 646 39 136 456 620 174 206 526 590 563 20 437 470 377 28 188 445 414 510 
22 16 black -1 
23 18 cell 3 161 770 35 262 647 40 137 458 621 175 207 527 591 564 22 439 472 378 189 30 446 415 511 
24 23 cell -1 259 644 453 134 204 524 588 16 19 467 21 23 26 412 158 32 37 618 172 561 434 375 186 443 508 765 
25 8 init -1 26 
26 16 cell -1 27 28 30 
27 16 4 -1 
28 16 5 -1 
29 24 5 -1 33 38 39 910 884 886 826 858 954 28 828 860 956 
30 16 red -1 
31 8 init -1 32 
32 16 cell -1 33 34 35 
33 16 5 -1 
34 16 4 -1 
35 16 red -1 
36 8 init -1 37 
37 16 cell -1 38 39 40 
38 16 5 -1 
39 16 5 -1 
40 16 black -1 
41 8 init -1 42 
42 16 control -1 43 
43 16 black -1 
44 18 control 1 288 327 43 332 782 319 
45 23 control -1 326 42 331 44 781 318 287 
46 15 oppDir -1 50 47 
47 16 nw -1 
48 22 nw -1 105 61 47 
49 18 oppDir 1 66 55 71 395 60 76 47 63 79 
50 16 se -1 
51 22 se -1 113 50 60 
52 18 oppDir 2 64 80 50 68 57 73 396 61 77 
53 21 oppDir -1 49 65 52 54 70 394 59 75 46 62 78 
54 15 oppDir -1 55 57 
55 16 ne -1 
56 22 ne -1 64 55 109 
57 16 sw -1 
58 22 sw -1 117 57 63 
59 15 oppDir -1 60 61 
60 16 se -1 
61 16 nw -1 
62 15 oppDir -1 64 63 
63 16 sw -1 
64 16 ne -1 
65 15 oppDir -1 66 68 
66 16 n -1 
67 22 n -1 66 82 77 
68 16 s -1 
69 22 s -1 68 76 92 
70 15 oppDir -1 71 73 
71 16 e -1 
72 22 e -1 80 97 71 
73 16 w -1 
74 22 w -1 101 73 79 
75 15 oppDir -1 76 77 
76 16 s -1 
77 16 n -1 
78 15 oppDir -1 80 79 
79 16 w -1 
80 16 e -1 
81 15 dir -1 82 84 87 
82 16 n -1 
83 18 dir 1 97 113 82 101 117 105 92 109 750 
84 16 0 -1 
85 24 0 -1 99 867 709 518 103 871 843 941 847 851 84 855 859 93 863 
86 18 dir 2 98 114 84 102 118 106 93 110 751 
87 16 p1 -1 
88 22 p1 -1 98 834 579 839 107 811 110 111 816 114 821 87 825 635 605 829 543 
89 18 dir 3 753 99 115 87 103 119 107 94 111 
90 21 dir -1 96 112 81 83 100 116 86 104 89 91 108 749 
91 15 dir -1 92 93 94 
92 16 s -1 
93 16 0 -1 
94 16 n1 -1 
95 22 n1 -1 899 102 106 875 879 115 883 118 119 887 891 94 895 
96 15 dir -1 97 98 99 
97 16 e -1 
98 16 p1 -1 
99 16 0 -1 
100 15 dir -1 101 102 103 
101 16 w -1 
102 16 n1 -1 
103 16 0 -1 
104 15 dir -1 105 106 107 
105 16 nw -1 
106 16 n1 -1 
107 16 p1 -1 
108 15 dir -1 109 110 111 
109 16 ne -1 
110 16 p1 -1 
111 16 p1 -1 
112 15 dir -1 113 114 115 
113 16 se -1 
114 16 p1 -1 
115 16 n1 -1 
116 15 dir -1 117 118 119 
117 16 sw -1 
118 16 n1 -1 
119 16 n1 -1 
120 0 entail -1 132 121 
121 15 hasOtherColorInDir -1 128 132 122 125 
122 17 ?x1[0] -1 
123 19 ?x1[0] -1 144 135 122 
124 18 hasOtherColorInDir 1 371 164 391 264 122 191 
125 17 ?y1[0] -1 
126 19 ?y1[0] -1 146 136 125 
127 18 hasOtherColorInDir 2 192 372 166 392 265 125 
128 17 ?dir[0] -1 
129 19 ?dir[0] -1 128 148 
130 18 hasOtherColorInDir 3 128 193 373 168 393 266 
131 21 hasOtherColorInDir -1 130 370 163 390 263 121 124 190 127 
132 3 and -1 133 139 157 143 
133 9 true -1 134 
134 16 cell -1 135 136 137 
135 17 ?x1[0] -1 
136 17 ?y1[0] -1 
137 17 ?color[0] -1 
138 19 ?color[0] -1 137 140 
139 15 opponent -1 140 141 
140 17 ?color[0] -1 
141 17 ?otherColor[0] -1 
142 19 ?otherColor[0] -1 161 141 
143 15 nextCellInDir -1 144 146 148 150 153 
144 17 ?x1[0] -1 
145 18 nextCellInDir 1 144 178 250 365 734 399 
146 17 ?y1[0] -1 
147 18 nextCellInDir 2 400 736 146 179 251 366 
148 17 ?dir[0] -1 
149 18 nextCellInDir 3 401 738 148 180 252 367 
150 17 ?x2[0] -1 
151 19 ?x2[0] -1 150 159 
152 18 nextCellInDir 4 368 402 740 181 150 254 
153 17 ?y2[0] -1 
154 19 ?y2[0] -1 160 153 
155 18 nextCellInDir 5 256 369 404 742 183 153 
156 21 nextCellInDir -1 145 177 147 149 152 249 155 364 733 398 143 
157 9 true -1 158 
158 16 cell -1 160 161 159 
159 17 ?x2[0] -1 
160 17 ?y2[0] -1 
161 17 ?otherColor[0] -1 
162 0 entail -1 163 170 
163 15 hasOtherColorInDir -1 164 166 168 170 
164 17 ?x1[1] -1 
165 19 ?x1[1] -1 178 164 173 
166 17 ?y1[1] -1 
167 19 ?y1[1] -1 179 166 174 
168 17 ?dir[1] -1 
169 19 ?dir[1] -1 193 180 168 
170 3 and -1 177 185 171 190 
171 9 true -1 172 
172 16 cell -1 173 174 175 
173 17 ?x1[1] -1 
174 17 ?y1[1] -1 
175 17 ?color[1] -1 
176 19 ?color[1] -1 189 175 
177 15 nextCellInDir -1 178 179 180 181 183 
178 17 ?x1[1] -1 
179 17 ?y1[1] -1 
180 17 ?dir[1] -1 
181 17 ?x2[1] -1 
182 19 ?x2[1] -1 181 187 191 
183 17 ?y2[1] -1 
184 19 ?y2[1] -1 192 183 188 
185 9 true -1 186 
186 16 cell -1 187 188 189 
187 17 ?x2[1] -1 
188 17 ?y2[1] -1 
189 17 ?color[1] -1 
190 15 hasOtherColorInDir -1 192 193 191 
191 17 ?x2[1] -1 
192 17 ?y2[1] -1 
193 17 ?dir[1] -1 
194 0 entail -1 195 203 
195 15 occupied -1 196 199 203 
196 17 ?x[0] -1 
197 19 ?x[0] -1 196 205 
198 18 occupied 1 227 196 
199 17 ?y[0] -1 
200 19 ?y[0] -1 199 206 
201 18 occupied 2 228 199 
202 21 occupied -1 226 195 198 201 
203 9 true -1 204 
204 16 cell -1 205 206 207 
205 17 ?x[0] -1 
206 17 ?y[0] -1 
207 17 ?anyColor[0] -1 
208 19 ?anyColor[0] -1 207 
209 0 entail -1 210 218 
210 15 empty -1 211 214 218 
211 17 ?x[1] -1 
212 19 ?x[1] -1 211 227 220 
213 18 empty 1 211 243 
214 17 ?y[1] -1 
215 19 ?y[1] -1 224 228 214 
216 18 empty 2 244 214 
217 21 empty -1 210 242 213 216 
218 3 and -1 225 219 223 
219 15 index -1 220 
220 17 ?x[1] -1 
221 18 index 1 224 774 806 902 776 808 904 746 906 748 908 910 912 914 916 220 
222 21 index -1 773 805 901 775 807 903 745 905 747 907 909 911 913 915 219 221 223 
223 15 index -1 224 
224 17 ?y[1] -1 
225 2 not -1 226 
226 15 occupied -1 227 228 
227 17 ?x[1] -1 
228 17 ?y[1] -1 
229 0 entail -1 241 230 
230 15 playerCanMoveAt -1 241 231 234 237 
231 17 ?color[2] -1 
232 19 ?color[2] -1 246 231 
233 18 playerCanMoveAt 1 321 274 231 
234 17 ?x[2] -1 
235 19 ?x[2] -1 243 234 250 
236 18 playerCanMoveAt 2 322 275 234 
237 17 ?y[2] -1 
238 19 ?y[2] -1 244 251 237 
239 18 playerCanMoveAt 3 323 277 237 
240 21 playerCanMoveAt -1 320 273 230 233 236 239 
241 3 and -1 242 258 245 263 249 
242 15 empty -1 243 244 
243 17 ?x[2] -1 
244 17 ?y[2] -1 
245 15 opponent -1 246 247 
246 17 ?color[2] -1 
247 17 ?otherColor[1] -1 
248 19 ?otherColor[1] -1 262 247 
249 15 nextCellInDir -1 256 250 251 252 254 
250 17 ?x[2] -1 
251 17 ?y[2] -1 
252 17 ?dir[2] -1 
253 19 ?dir[2] -1 266 252 
254 17 ?x2[2] -1 
255 19 ?x2[2] -1 260 264 254 
256 17 ?y2[2] -1 
257 19 ?y2[2] -1 256 261 265 
258 9 true -1 259 
259 16 cell -1 260 261 262 
260 17 ?x2[2] -1 
261 17 ?y2[2] -1 
262 17 ?otherColor[1] -1 
263 15 hasOtherColorInDir -1 264 265 266 
264 17 ?x2[2] -1 
265 17 ?y2[2] -1 
266 17 ?dir[2] -1 
267 0 entail -1 273 268 
268 15 playerCanMove -1 273 269 
269 17 ?player[0] -1 
270 19 ?player[0] -1 274 269 
271 18 playerCanMove 1 490 269 493 303 
272 21 playerCanMove -1 489 268 492 302 271 
273 15 playerCanMoveAt -1 274 275 277 
274 17 ?player[0] -1 
275 17 ?anyX[0] -1 
276 19 ?anyX[0] -1 275 
277 17 ?anyY[0] -1 
278 19 ?anyY[0] -1 277 
279 0 entail -1 280 285 
280 12 legal -1 281 283 285 
281 17 ?player[1] -1 283 
282 19 ?player[1] -1 291 281 
283 16 noop -1 
284 22 noop -1 790 297 283 
285 3 and -1 290 286 
286 9 true -1 287 
287 16 control -1 288 
288 17 ?opponent[0] -1 
289 19 ?opponent[0] -1 288 292 
290 15 opponent -1 291 292 
291 17 ?player[1] -1 
292 17 ?opponent[0] -1 
293 0 entail -1 294 298 
294 12 legal -1 295 297 298 
295 17 ?player[2] -1 297 
296 19 ?player[2] -1 295 300 303 
297 16 noop -1 
298 3 and -1 299 301 
299 5 role -1 300 
300 17 ?player[2] -1 
301 2 not -1 302 
302 15 playerCanMove -1 303 
303 17 ?player[2] -1 
304 0 entail -1 305 316 
305 12 legal -1 306 308 316 
306 17 ?player[3] -1 308 
307 19 ?player[3] -1 321 306 319 
308 16 move -1 309 312 
309 17 ?x[3] -1 
310 19 ?x[3] -1 322 309 
311 18 move 1 309 357 478 798 463 
312 17 ?y[3] -1 
313 19 ?y[3] -1 323 312 
314 18 move 2 464 480 800 359 312 
315 23 move -1 308 356 311 314 477 797 462 
316 3 and -1 320 317 
317 9 true -1 318 
318 16 control -1 319 
319 17 ?player[3] -1 
320 15 playerCanMoveAt -1 321 322 323 
321 17 ?player[3] -1 
322 17 ?x[3] -1 
323 17 ?y[3] -1 
324 0 entail -1 325 329 
325 11 next -1 326 329 
326 16 control -1 327 
327 17 ?nextPlayer[0] -1 
328 19 ?nextPlayer[0] -1 336 327 
329 3 and -1 330 334 
330 9 true -1 331 
331 16 control -1 332 
332 17 ?curPlayer[0] -1 
333 19 ?curPlayer[0] -1 332 335 
334 15 opponent -1 336 335 
335 17 ?curPlayer[0] -1 
336 17 ?nextPlayer[0] -1 
337 0 entail -1 352 338 
338 15 affected -1 352 339 342 345 348 
339 17 ?x2[3] -1 
340 19 ?x2[3] -1 368 339 371 376 
341 18 affected 1 339 407 426 381 
342 17 ?y2[3] -1 
343 19 ?y2[3] -1 369 372 342 377 
344 18 affected 2 342 408 427 383 
345 17 ?dir[3] -1 
346 19 ?dir[3] -1 373 345 367 
347 18 affected 3 385 345 409 428 
348 17 ?otherColor[2] -1 
349 19 ?otherColor[2] -1 378 363 348 
350 18 affected 4 387 410 348 430 
351 21 affected -1 338 341 406 344 425 347 380 350 
352 3 and -1 353 370 374 361 364 
353 10 does -1 354 356 
354 17 ?player[4] -1 356 
355 19 ?player[4] -1 354 362 
356 16 move -1 357 359 
357 17 ?x1[2] -1 
358 19 ?x1[2] -1 357 365 
359 17 ?y1[2] -1 
360 19 ?y1[2] -1 359 366 
361 15 opponent -1 362 363 
362 17 ?player[4] -1 
363 17 ?otherColor[2] -1 
364 15 nextCellInDir -1 368 369 365 366 367 
365 17 ?x1[2] -1 
366 17 ?y1[2] -1 
367 17 ?dir[3] -1 
368 17 ?x2[3] -1 
369 17 ?y2[3] -1 
370 15 hasOtherColorInDir -1 371 372 373 
371 17 ?x2[3] -1 
372 17 ?y2[3] -1 
373 17 ?dir[3] -1 
374 9 true -1 375 
375 16 cell -1 376 377 378 
376 17 ?x2[3] -1 
377 17 ?y2[3] -1 
378 17 ?otherColor[2] -1 
379 0 entail -1 389 380 
380 15 affected -1 385 387 389 381 383 
381 17 ?x2[4] -1 
382 19 ?x2[4] -1 391 381 413 399 
383 17 ?y2[4] -1 
384 19 ?y2[4] -1 400 392 414 383 
385 17 ?dir[4] -1 
386 19 ?dir[4] -1 385 393 409 395 
387 17 ?color[3] -1 
388 19 ?color[3] -1 387 410 415 
389 3 and -1 390 406 394 411 398 
390 15 hasOtherColorInDir -1 391 392 393 
391 17 ?x2[4] -1 
392 17 ?y2[4] -1 
393 17 ?dir[4] -1 
394 15 oppDir -1 395 396 
395 17 ?dir[4] -1 
396 17 ?oppDir[0] -1 
397 19 ?oppDir[0] -1 401 396 
398 15 nextCellInDir -1 400 401 402 404 399 
399 17 ?x2[4] -1 
400 17 ?y2[4] -1 
401 17 ?oppDir[0] -1 
402 17 ?x1[3] -1 
403 19 ?x1[3] -1 402 407 
404 17 ?y1[3] -1 
405 19 ?y1[3] -1 404 408 
406 15 affected -1 407 408 409 410 
407 17 ?x1[3] -1 
408 17 ?y1[3] -1 
409 17 ?dir[4] -1 
410 17 ?color[3] -1 
411 9 true -1 412 
412 16 cell -1 413 414 415 
413 17 ?x2[4] -1 
414 17 ?y2[4] -1 
415 17 ?color[3] -1 
416 0 entail -1 417 425 
417 15 affectedCell -1 418 421 425 
418 17 ?x[4] -1 
419 19 ?x[4] -1 418 426 
420 18 affectedCell 1 449 418 483 
421 17 ?y[4] -1 
422 19 ?y[4] -1 421 427 
423 18 affectedCell 2 450 484 421 
424 21 affectedCell -1 448 417 482 420 423 
425 15 affected -1 426 427 428 430 
426 17 ?x[4] -1 
427 17 ?y[4] -1 
428 17 ?anyDir[0] -1 
429 19 ?anyDir[0] -1 428 
430 17 ?anyColor[1] -1 
431 19 ?anyColor[1] -1 430 
432 0 entail -1 433 441 
433 11 next -1 434 441 
434 16 cell -1 435 437 439 
435 17 ?x[5] -1 
436 19 ?x[5] -1 449 435 444 
437 17 ?y[5] -1 
438 19 ?y[5] -1 450 437 445 
439 17 ?color[4] -1 
440 19 ?color[4] -1 439 446 
441 3 and -1 442 447 
442 9 true -1 443 
443 16 cell -1 444 445 446 
444 17 ?x[5] -1 
445 17 ?y[5] -1 
446 17 ?color[4] -1 
447 2 not -1 448 
448 15 affectedCell -1 449 450 
449 17 ?x[5] -1 
450 17 ?y[5] -1 
451 0 entail -1 452 460 
452 11 next -1 453 460 
453 16 cell -1 454 456 458 
454 17 ?x[6] -1 
455 19 ?x[6] -1 454 463 
456 17 ?y[6] -1 
457 19 ?y[6] -1 464 456 
458 17 ?color[5] -1 
459 19 ?color[5] -1 458 461 
460 10 does -1 461 462 
461 17 ?color[5] -1 462 
462 16 move -1 464 463 
463 17 ?x[6] -1 
464 17 ?y[6] -1 
465 0 entail -1 466 474 
466 11 next -1 467 474 
467 16 cell -1 468 470 472 
468 17 ?x[7] -1 
469 19 ?x[7] -1 483 468 
470 17 ?y[7] -1 
471 19 ?y[7] -1 484 470 
472 17 ?color[6] -1 
473 19 ?color[6] -1 472 476 
474 3 and -1 482 475 
475 10 does -1 476 477 
476 17 ?color[6] -1 477 
477 16 move -1 480 478 
478 17 ?anyX[1] -1 
479 19 ?anyX[1] -1 478 
480 17 ?anyY[1] -1 
481 19 ?anyY[1] -1 480 
482 15 affectedCell -1 483 484 
483 17 ?x[7] -1 
484 17 ?y[7] -1 
485 0 entail -1 486 487 
486 14 terminal -1 487 
487 3 and -1 488 491 
488 2 not -1 489 
489 15 playerCanMove -1 490 
490 16 black -1 
491 2 not -1 492 
492 15 playerCanMove -1 493 
493 16 red -1 
494 0 entail -1 507 495 
495 15 pieceCount -1 496 499 501 504 507 
496 16 1 -1 
497 24 1 -1 514 515 900 646 902 810 842 620 844 525 526 942 496 944 626 499 596 504 509 510 
498 18 pieceCount 1 496 608 624 514 530 594 658 549 582 567 638 
499 16 1 -1 
500 18 pieceCount 2 609 626 499 515 659 532 596 550 583 569 639 
501 17 ?color[7] -1 
502 19 ?color[7] -1 501 511 
503 18 pieceCount 3 640 611 627 516 660 501 597 534 551 584 571 
504 16 1 -1 
505 18 pieceCount 4 641 612 629 661 518 599 504 536 552 585 573 
506 21 pieceCount -1 513 548 581 495 623 529 593 657 498 500 566 503 505 637 607 
507 9 true -1 508 
508 16 cell -1 509 510 511 
509 16 1 -1 
510 16 1 -1 
511 17 ?color[7] -1 
512 0 entail -1 513 519 
513 15 pieceCount -1 514 515 516 518 519 
514 16 1 -1 
515 16 1 -1 
516 17 ?color[8] -1 
517 19 ?color[8] -1 516 521 527 
518 16 0 -1 
519 3 and -1 520 522 
520 5 role -1 521 
521 17 ?color[8] -1 
522 2 not -1 523 
523 9 true -1 524 
524 16 cell -1 525 526 527 
525 16 1 -1 
526 16 1 -1 
527 17 ?color[8] -1 
528 0 entail -1 529 538 
529 15 pieceCount -1 530 532 534 536 538 
530 17 ?x[8] -1 
531 19 ?x[8] -1 530 562 549 
532 17 ?yp1[0] -1 
533 19 ?yp1[0] -1 545 563 532 
534 17 ?color[9] -1 
535 19 ?color[9] -1 564 534 551 
536 17 ?np1[0] -1 
537 19 ?np1[0] -1 536 557 
538 3 and -1 560 548 554 539 
539 15 add -1 545 540 543 
540 17 ?y[8] -1 
541 19 ?y[8] -1 550 540 
542 18 add 1 577 833 898 838 842 846 850 854 858 603 540 862 866 870 810 874 878 815 882 756 820 886 760 824 633 890 828 894 
543 16 p1 -1 
544 18 add 2 834 579 899 839 843 847 851 855 859 605 543 863 867 871 811 875 879 816 883 757 821 887 761 825 635 891 829 895 
545 17 ?yp1[0] -1 
546 18 add 3 896 835 580 900 840 844 848 852 856 860 606 864 545 868 872 812 876 880 817 884 758 822 888 762 826 636 892 830 
547 21 add -1 576 832 897 837 841 845 849 853 857 602 539 861 542 544 865 546 869 809 873 877 814 881 755 819 885 759 823 632 889 827 893 
548 15 pieceCount -1 549 550 551 552 
549 17 ?x[8] -1 
550 17 ?y[8] -1 
551 17 ?color[9] -1 
552 17 ?n[0] -1 
553 19 ?n[0] -1 552 555 
554 15 succ -1 555 557 
555 17 ?n[0] -1 
556 18 succ 1 1152 1025 1156 1029 1160 1033 1164 1037 1168 1041 1172 1045 1176 1049 1180 925 1053 1184 1057 1061 1065 938 555 941 1069 944 1073 947 1077 950 953 1081 956 1085 959 1089 962 965 1093 969 1097 973 1101 977 1105 981 1109 985 1113 989 1117 993 1121 997 1125 615 1001 1129 1132 1005 1136 1009 1140 1013 1144 1017 1148 1021 
557 17 ?np1[0] -1 
558 18 succ 2 1153 1026 1157 1030 1161 1034 1165 1038 1169 1042 1173 1046 1177 1050 1181 926 1054 1185 1058 1062 1066 939 557 942 1070 945 1074 948 1078 951 954 1082 957 1086 960 1090 963 966 1094 970 1098 974 1102 978 1106 982 1110 986 1114 990 1118 994 1122 998 1126 616 1002 1130 1133 1006 1137 1010 1141 1014 1145 1018 1149 1022 
559 21 succ -1 1024 1155 1028 1159 1032 1163 1036 1167 1040 1171 1044 1175 1048 1179 924 1052 1183 1056 1060 1064 937 554 556 940 1068 558 943 1072 946 1076 949 952 1080 955 1084 958 1088 961 964 1092 968 1096 972 1100 976 1104 980 1108 984 1112 988 1116 992 1120 996 1124 614 1000 1128 1131 1004 1135 1008 1139 1012 1143 1016 1147 1020 1151 
560 9 true -1 561 
561 16 cell -1 562 563 564 
562 17 ?x[8] -1 
563 17 ?yp1[0] -1 
564 17 ?color[9] -1 
565 0 entail -1 566 575 
566 15 pieceCount -1 567 569 571 573 575 
567 17 ?x[9] -1 
568 19 ?x[9] -1 582 567 589 
569 17 ?yp1[1] -1 
570 19 ?yp1[1] -1 580 569 590 
571 17 ?color[10] -1 
572 19 ?color[10] -1 584 571 591 
573 17 ?n[1] -1 
574 19 ?n[1] -1 585 573 
575 3 and -1 576 581 586 
576 15 add -1 577 579 580 
577 17 ?y[9] -1 
578 19 ?y[9] -1 577 583 
579 16 p1 -1 
580 17 ?yp1[1] -1 
581 15 pieceCount -1 582 583 584 585 
582 17 ?x[9] -1 
583 17 ?y[9] -1 
584 17 ?color[10] -1 
585 17 ?n[1] -1 
586 2 not -1 587 
587 9 true -1 588 
588 16 cell -1 589 590 591 
589 17 ?x[9] -1 
590 17 ?yp1[1] -1 
591 17 ?color[10] -1 
592 0 entail -1 593 601 
593 15 pieceCount -1 594 596 597 599 601 
594 17 ?xp1[0] -1 
595 19 ?xp1[0] -1 594 619 606 
596 16 1 -1 
597 17 ?color[11] -1 
598 19 ?color[11] -1 611 597 621 
599 17 ?np1[1] -1 
600 19 ?np1[1] -1 599 616 
601 3 and -1 614 617 602 607 
602 15 add -1 603 605 606 
603 17 ?x[10] -1 
604 19 ?x[10] -1 608 603 
605 16 p1 -1 
606 17 ?xp1[0] -1 
607 15 pieceCount -1 608 609 611 612 
608 17 ?x[10] -1 
609 16 8 -1 
610 24 8 -1 609 658 659 963 916 965 870 840 872 874 639 
611 17 ?color[11] -1 
612 17 ?n[2] -1 
613 19 ?n[2] -1 612 615 
614 15 succ -1 615 616 
615 17 ?n[2] -1 
616 17 ?np1[1] -1 
617 9 true -1 618 
618 16 cell -1 619 620 621 
619 17 ?xp1[0] -1 
620 16 1 -1 
621 17 ?color[11] -1 
622 0 entail -1 631 623 
623 15 pieceCount -1 624 626 627 629 631 
624 17 ?xp1[1] -1 
625 19 ?xp1[1] -1 624 645 636 
626 16 1 -1 
627 17 ?color[12] -1 
628 19 ?color[12] -1 640 627 647 
629 17 ?n[3] -1 
630 19 ?n[3] -1 641 629 
631 3 and -1 642 632 637 
632 15 add -1 633 635 636 
633 17 ?x[11] -1 
634 19 ?x[11] -1 633 638 
635 16 p1 -1 
636 17 ?xp1[1] -1 
637 15 pieceCount -1 640 641 638 639 
638 17 ?x[11] -1 
639 16 8 -1 
640 17 ?color[12] -1 
641 17 ?n[3] -1 
642 2 not -1 643 
643 9 true -1 644 
644 16 cell -1 645 646 647 
645 17 ?xp1[1] -1 
646 16 1 -1 
647 17 ?color[12] -1 
648 0 entail -1 657 649 
649 15 totalCount -1 657 650 653 
650 17 ?player[5] -1 
651 19 ?player[5] -1 660 650 
652 18 totalCount 1 673 691 650 669 687 
653 17 ?n[4] -1 
654 19 ?n[4] -1 661 653 
655 18 totalCount 2 688 674 692 653 670 
656 21 totalCount -1 672 690 649 652 668 686 655 
657 15 pieceCount -1 658 659 660 661 
658 16 8 -1 
659 16 8 -1 
660 17 ?player[5] -1 
661 17 ?n[4] -1 
662 0 entail -1 663 667 
663 15 winner -1 664 667 
664 16 black -1 
665 18 winner 1 704 664 712 728 731 684 
666 21 winner -1 663 711 727 665 730 683 703 
667 3 and -1 672 676 668 
668 15 totalCount -1 669 670 
669 16 black -1 
670 17 ?blackCount[0] -1 
671 19 ?blackCount[0] -1 679 670 
672 15 totalCount -1 673 674 
673 16 red -1 
674 17 ?redCount[0] -1 
675 19 ?redCount[0] -1 674 677 
676 15 lessThan -1 677 679 
677 17 ?redCount[0] -1 
678 18 lessThan 1 929 677 933 695 919 
679 17 ?blackCount[0] -1 
680 18 lessThan 2 930 679 935 696 921 
681 21 lessThan -1 928 676 932 678 694 918 680 
682 0 entail -1 683 685 
683 15 winner -1 684 685 
684 16 red -1 
685 3 and -1 690 694 686 
686 15 totalCount -1 688 687 
687 16 black -1 
688 17 ?blackCount[1] -1 
689 19 ?blackCount[1] -1 688 695 
690 15 totalCount -1 691 692 
691 16 red -1 
692 17 ?redCount[1] -1 
693 19 ?redCount[1] -1 692 696 
694 15 lessThan -1 695 696 
695 17 ?blackCount[1] -1 
696 17 ?redCount[1] -1 
697 0 entail -1 698 703 
698 13 goal -1 699 701 703 
699 17 ?player[6] -1 701 
700 19 ?player[6] -1 704 699 
701 16 100 -1 
702 22 100 -1 701 
703 15 winner -1 704 
704 17 ?player[6] -1 
705 0 entail -1 706 710 
706 13 goal -1 707 709 710 
707 17 ?player[7] -1 709 
708 19 ?player[7] -1 707 715 
709 16 0 -1 
710 3 and -1 711 714 
711 15 winner -1 712 
712 17 ?opponent[1] -1 
713 19 ?opponent[1] -1 712 716 
714 15 opponent -1 715 716 
715 17 ?player[7] -1 
716 17 ?opponent[1] -1 
717 0 entail -1 723 718 
718 13 goal -1 721 723 719 
719 17 ?player[8] -1 721 
720 19 ?player[8] -1 725 719 
721 16 50 -1 
722 24 50 -1 721 1130 1132 
723 3 and -1 724 726 729 
724 5 role -1 725 
725 17 ?player[8] -1 
726 2 not -1 727 
727 15 winner -1 728 
728 16 black -1 
729 2 not -1 730 
730 15 winner -1 731 
731 16 red -1 
732 0 entail -1 744 733 
733 15 nextCellInDir -1 736 738 740 742 744 734 
734 17 ?x1[4] -1 
735 19 ?x1[4] -1 756 746 734 
736 17 ?y1[4] -1 
737 19 ?y1[4] -1 736 760 748 
738 17 ?dir[5] -1 
739 19 ?dir[5] -1 738 750 
740 17 ?x2[5] -1 
741 19 ?x2[5] -1 740 758 
742 17 ?y2[5] -1 
743 19 ?y2[5] -1 742 762 
744 3 and -1 755 759 745 747 749 
745 15 index -1 746 
746 17 ?x1[4] -1 
747 15 index -1 748 
748 17 ?y1[4] -1 
749 15 dir -1 753 750 751 
750 17 ?dir[5] -1 
751 17 ?xDelta[0] -1 
752 19 ?xDelta[0] -1 757 751 
753 17 ?yDelta[0] -1 
754 19 ?yDelta[0] -1 753 761 
755 15 add -1 756 757 758 
756 17 ?x1[4] -1 
757 17 ?xDelta[0] -1 
758 17 ?x2[5] -1 
759 15 add -1 760 761 762 
760 17 ?y1[4] -1 
761 17 ?yDelta[0] -1 
762 17 ?y2[5] -1 
763 0 entail -1 772 764 
764 6 base -1 772 765 
765 16 cell -1 768 770 766 
766 17 ?x[12] -1 
767 19 ?x[12] -1 774 766 
768 17 ?y[10] -1 
769 19 ?y[10] -1 768 776 
770 17 ?color[13] -1 
771 19 ?color[13] -1 770 778 
772 3 and -1 773 775 777 
773 15 index -1 774 
774 17 ?x[12] -1 
775 15 index -1 776 
776 17 ?y[10] -1 
777 5 role -1 778 
778 17 ?color[13] -1 
779 0 entail -1 784 780 
780 6 base -1 784 781 
781 16 control -1 782 
782 17 ?player[9] -1 
783 19 ?player[9] -1 785 782 
784 5 role -1 785 
785 17 ?player[9] -1 
786 0 entail -1 787 791 
787 7 input -1 788 790 791 
788 17 ?player[10] -1 790 
789 19 ?player[10] -1 788 792 
790 16 noop -1 
791 5 role -1 792 
792 17 ?player[10] -1 
793 0 entail -1 802 794 
794 7 input -1 802 795 797 
795 17 ?player[11] -1 797 
796 19 ?player[11] -1 804 795 
797 16 move -1 800 798 
798 17 ?x[13] -1 
799 19 ?x[13] -1 806 798 
800 17 ?y[11] -1 
801 19 ?y[11] -1 800 808 
802 3 and -1 803 805 807 
803 5 role -1 804 
804 17 ?player[11] -1 
805 15 index -1 806 
806 17 ?x[13] -1 
807 15 index -1 808 
808 17 ?y[11] -1 
809 15 add -1 810 811 812 
810 16 1 -1 
811 16 p1 -1 
812 16 2 -1 
813 24 2 -1 848 896 945 898 947 904 812 846 815 
814 15 add -1 816 817 815 
815 16 2 -1 
816 16 p1 -1 
817 16 3 -1 
818 24 3 -1 817 850 820 852 948 950 906 892 894 
819 15 add -1 820 821 822 
820 16 3 -1 
821 16 p1 -1 
822 16 4 -1 
823 15 add -1 824 825 826 
824 16 4 -1 
825 16 p1 -1 
826 16 5 -1 
827 15 add -1 828 829 830 
828 16 5 -1 
829 16 p1 -1 
830 16 6 -1 
831 24 6 -1 864 880 912 833 882 957 830 862 959 
832 15 add -1 833 834 835 
833 16 6 -1 
834 16 p1 -1 
835 16 7 -1 
836 24 7 -1 960 866 914 962 835 868 838 876 878 
837 15 add -1 838 839 840 
838 16 7 -1 
839 16 p1 -1 
840 16 8 -1 
841 15 add -1 842 843 844 
842 16 1 -1 
843 16 0 -1 
844 16 1 -1 
845 15 add -1 848 846 847 
846 16 2 -1 
847 16 0 -1 
848 16 2 -1 
849 15 add -1 850 851 852 
850 16 3 -1 
851 16 0 -1 
852 16 3 -1 
853 15 add -1 854 855 856 
854 16 4 -1 
855 16 0 -1 
856 16 4 -1 
857 15 add -1 858 859 860 
858 16 5 -1 
859 16 0 -1 
860 16 5 -1 
861 15 add -1 864 862 863 
862 16 6 -1 
863 16 0 -1 
864 16 6 -1 
865 15 add -1 866 867 868 
866 16 7 -1 
867 16 0 -1 
868 16 7 -1 
869 15 add -1 870 871 872 
870 16 8 -1 
871 16 0 -1 
872 16 8 -1 
873 15 add -1 874 875 876 
874 16 8 -1 
875 16 n1 -1 
876 16 7 -1 
877 15 add -1 880 878 879 
878 16 7 -1 
879 16 n1 -1 
880 16 6 -1 
881 15 add -1 882 883 884 
882 16 6 -1 
883 16 n1 -1 
884 16 5 -1 
885 15 add -1 886 887 888 
886 16 5 -1 
887 16 n1 -1 
888 16 4 -1 
889 15 add -1 890 891 892 
890 16 4 -1 
891 16 n1 -1 
892 16 3 -1 
893 15 add -1 896 894 895 
894 16 3 -1 
895 16 n1 -1 
896 16 2 -1 
897 15 add -1 898 899 900 
898 16 2 -1 
899 16 n1 -1 
900 16 1 -1 
901 15 index -1 902 
902 16 1 -1 
903 15 index -1 904 
904 16 2 -1 
905 15 index -1 906 
906 16 3 -1 
907 15 index -1 908 
908 16 4 -1 
909 15 index -1 910 
910 16 5 -1 
911 15 index -1 912 
912 16 6 -1 
913 15 index -1 914 
914 16 7 -1 
915 15 index -1 916 
916 16 8 -1 
917 0 entail -1 918 923 
918 15 lessThan -1 919 921 923 
919 17 ?x[14] -1 
920 19 ?x[14] -1 919 925 
921 17 ?z[0] -1 
922 19 ?z[0] -1 930 921 
923 3 and -1 928 924 
924 15 succ -1 925 926 
925 17 ?x[14] -1 
926 17 ?y[12] -1 
927 19 ?y[12] -1 929 926 
928 15 lessThan -1 929 930 
929 17 ?y[12] -1 
930 17 ?z[0] -1 
931 0 entail -1 932 937 
932 15 lessThan -1 933 935 937 
933 17 ?x[15] -1 
934 19 ?x[15] -1 933 938 
935 17 ?y[13] -1 
936 19 ?y[13] -1 935 939 
937 15 succ -1 938 939 
938 17 ?x[15] -1 
939 17 ?y[13] -1 
940 15 succ -1 941 942 
941 16 0 -1 
942 16 1 -1 
943 15 succ -1 944 945 
944 16 1 -1 
945 16 2 -1 
946 15 succ -1 947 948 
947 16 2 -1 
948 16 3 -1 
949 15 succ -1 950 951 
950 16 3 -1 
951 16 4 -1 
952 15 succ -1 953 954 
953 16 4 -1 
954 16 5 -1 
955 15 succ -1 956 957 
956 16 5 -1 
957 16 6 -1 
958 15 succ -1 960 959 
959 16 6 -1 
960 16 7 -1 
961 15 succ -1 962 963 
962 16 7 -1 
963 16 8 -1 
964 15 succ -1 965 966 
965 16 8 -1 
966 16 9 -1 
967 24 9 -1 966 969 
968 15 succ -1 969 970 
969 16 9 -1 
970 16 10 -1 
971 24 10 -1 970 973 
972 15 succ -1 973 974 
973 16 10 -1 
974 16 11 -1 
975 24 11 -1 977 974 
976 15 succ -1 977 978 
977 16 11 -1 
978 16 12 -1 
979 24 12 -1 978 981 
980 15 succ -1 981 982 
981 16 12 -1 
982 16 13 -1 
983 24 13 -1 982 985 
984 15 succ -1 985 986 
985 16 13 -1 
986 16 14 -1 
987 24 14 -1 986 989 
988 15 succ -1 989 990 
989 16 14 -1 
990 16 15 -1 
991 24 15 -1 993 990 
992 15 succ -1 993 994 
993 16 15 -1 
994 16 16 -1 
995 24 16 -1 994 997 
996 15 succ -1 997 998 
997 16 16 -1 
998 16 17 -1 
999 24 17 -1 998 1001 
1000 15 succ -1 1001 1002 
1001 16 17 -1 
1002 16 18 -1 
1003 24 18 -1 1002 1005 
1004 15 succ -1 1005 1006 
1005 16 18 -1 
1006 16 19 -1 
1007 24 19 -1 1009 1006 
1008 15 succ -1 1009 1010 
1009 16 19 -1 
1010 16 20 -1 
1011 24 20 -1 1010 1013 
1012 15 succ -1 1013 1014 
1013 16 20 -1 
1014 16 21 -1 
1015 24 21 -1 1014 1017 
1016 15 succ -1 1017 1018 
1017 16 21 -1 
1018 16 22 -1 
1019 24 22 -1 1018 1021 
1020 15 succ -1 1021 1022 
1021 16 22 -1 
1022 16 23 -1 
1023 24 23 -1 1025 1022 
1024 15 succ -1 1025 1026 
1025 16 23 -1 
1026 16 24 -1 
1027 24 24 -1 1026 1029 
1028 15 succ -1 1029 1030 
1029 16 24 -1 
1030 16 25 -1 
1031 24 25 -1 1030 1033 
1032 15 succ -1 1033 1034 
1033 16 25 -1 
1034 16 26 -1 
1035 24 26 -1 1034 1037 
1036 15 succ -1 1037 1038 
1037 16 26 -1 
1038 16 27 -1 
1039 24 27 -1 1041 1038 
1040 15 succ -1 1041 1042 
1041 16 27 -1 
1042 16 28 -1 
1043 24 28 -1 1042 1045 
1044 15 succ -1 1045 1046 
1045 16 28 -1 
1046 16 29 -1 
1047 24 29 -1 1046 1049 
1048 15 succ -1 1049 1050 
1049 16 29 -1 
1050 16 30 -1 
1051 24 30 -1 1050 1053 
1052 15 succ -1 1053 1054 
1053 16 30 -1 
1054 16 31 -1 
1055 24 31 -1 1057 1054 
1056 15 succ -1 1057 1058 
1057 16 31 -1 
1058 16 32 -1 
1059 24 32 -1 1058 1061 
1060 15 succ -1 1061 1062 
1061 16 32 -1 
1062 16 33 -1 
1063 24 33 -1 1062 1065 
1064 15 succ -1 1065 1066 
1065 16 33 -1 
1066 16 34 -1 
1067 24 34 -1 1066 1069 
1068 15 succ -1 1069 1070 
1069 16 34 -1 
1070 16 35 -1 
1071 24 35 -1 1073 1070 
1072 15 succ -1 1073 1074 
1073 16 35 -1 
1074 16 36 -1 
1075 24 36 -1 1074 1077 
1076 15 succ -1 1077 1078 
1077 16 36 -1 
1078 16 37 -1 
1079 24 37 -1 1078 1081 
1080 15 succ -1 1081 1082 
1081 16 37 -1 
1082 16 38 -1 
1083 24 38 -1 1082 1085 
1084 15 succ -1 1085 1086 
1085 16 38 -1 
1086 16 39 -1 
1087 24 39 -1 1089 1086 
1088 15 succ -1 1089 1090 
1089 16 39 -1 
1090 16 40 -1 
1091 24 40 -1 1090 1093 
1092 15 succ -1 1093 1094 
1093 16 40 -1 
1094 16 41 -1 
1095 24 41 -1 1094 1097 
1096 15 succ -1 1097 1098 
1097 16 41 -1 
1098 16 42 -1 
1099 24 42 -1 1098 1101 
1100 15 succ -1 1101 1102 
1101 16 42 -1 
1102 16 43 -1 
1103 24 43 -1 1105 1102 
1104 15 succ -1 1105 1106 
1105 16 43 -1 
1106 16 44 -1 
1107 24 44 -1 1106 1109 
1108 15 succ -1 1109 1110 
1109 16 44 -1 
1110 16 45 -1 
1111 24 45 -1 1110 1113 
1112 15 succ -1 1113 1114 
1113 16 45 -1 
1114 16 46 -1 
1115 24 46 -1 1114 1117 
1116 15 succ -1 1117 1118 
1117 16 46 -1 
1118 16 47 -1 
1119 24 47 -1 1121 1118 
1120 15 succ -1 1121 1122 
1121 16 47 -1 
1122 16 48 -1 
1123 24 48 -1 1122 1125 
1124 15 succ -1 1125 1126 
1125 16 48 -1 
1126 16 49 -1 
1127 24 49 -1 1126 1129 
1128 15 succ -1 1129 1130 
1129 16 49 -1 
1130 16 50 -1 
1131 15 succ -1 1132 1133 
1132 16 50 -1 
1133 16 51 -1 
1134 24 51 -1 1136 1133 
1135 15 succ -1 1136 1137 
1136 16 51 -1 
1137 16 52 -1 
1138 24 52 -1 1137 1140 
1139 15 succ -1 1140 1141 
1140 16 52 -1 
1141 16 53 -1 
1142 24 53 -1 1141 1144 
1143 15 succ -1 1144 1145 
1144 16 53 -1 
1145 16 54 -1 
1146 24 54 -1 1145 1148 
1147 15 succ -1 1148 1149 
1148 16 54 -1 
1149 16 55 -1 
1150 24 55 -1 1152 1149 
1151 15 succ -1 1152 1153 
1152 16 55 -1 
1153 16 56 -1 
1154 24 56 -1 1153 1156 
1155 15 succ -1 1156 1157 
1156 16 56 -1 
1157 16 57 -1 
1158 24 57 -1 1157 1160 
1159 15 succ -1 1160 1161 
1160 16 57 -1 
1161 16 58 -1 
1162 24 58 -1 1161 1164 
1163 15 succ -1 1164 1165 
1164 16 58 -1 
1165 16 59 -1 
1166 24 59 -1 1168 1165 
1167 15 succ -1 1168 1169 
1168 16 59 -1 
1169 16 60 -1 
1170 24 60 -1 1169 1172 
1171 15 succ -1 1172 1173 
1172 16 60 -1 
1173 16 61 -1 
1174 24 61 -1 1173 1176 
1175 15 succ -1 1176 1177 
1176 16 61 -1 
1177 16 62 -1 
1178 24 62 -1 1177 1180 
1179 15 succ -1 1180 1181 
1180 16 62 -1 
1181 16 63 -1 
1182 24 63 -1 1184 1181 
1183 15 succ -1 1184 1185 
1184 16 63 -1 
1185 16 64 -1 
1186 24 64 -1 1185 
