2 5 


0 5 role -1 1 
1 16 xplayer -1 
2 22 xplayer -1 1 146 403 245 406 392 235 427 157 413 
3 5 role -1 4 
4 16 oplayer -1 
5 22 oplayer -1 176 242 434 4 453 440 396 238 399 
6 15 index -1 7 
7 16 1 -1 
8 22 1 -1 259 132 101 325 102 7 106 111 336 305 306 117 283 
9 18 index 1 32 48 34 86 7 88 12 60 46 62 15 
10 21 index -1 33 85 6 87 9 11 59 45 61 14 31 47 
11 15 index -1 12 
12 16 2 -1 
13 22 2 -1 288 264 137 330 107 331 12 116 310 311 121 122 126 
14 15 index -1 15 
15 16 3 -1 
16 22 3 -1 131 293 326 136 141 269 142 15 335 112 315 316 127 
17 0 entail -1 18 30 
18 6 base -1 19 30 
19 16 cell -1 20 23 26 
20 17 ?x[0] -1 
21 19 ?x[0] -1 32 20 
22 18 cell 1 384 258 131 197 325 263 136 330 268 141 206 335 20 150 283 222 288 163 101 293 38 169 106 111 367 305 52 116 182 310 121 315 188 126 
23 17 ?y[0] -1 
24 19 ?y[0] -1 34 23 
25 18 cell 2 385 259 132 198 326 264 137 331 269 142 208 336 23 152 284 223 289 164 102 294 40 107 171 112 369 306 117 54 183 311 122 316 190 127 
26 16 b -1 
27 22 b -1 128 224 386 133 165 103 138 202 108 143 113 210 371 118 184 26 123 
28 18 cell 3 128 192 386 260 133 199 327 265 138 332 270 143 337 210 26 154 285 224 290 165 103 295 42 108 173 113 307 371 118 56 184 312 123 317 
29 23 cell -1 257 130 196 324 262 135 329 267 140 205 334 19 149 22 25 282 28 221 287 162 100 292 37 168 105 110 366 304 51 115 181 309 120 314 187 125 383 
30 3 and -1 33 31 
31 15 index -1 32 
32 17 ?x[0] -1 
33 15 index -1 34 
34 17 ?y[0] -1 
35 0 entail -1 36 44 
36 6 base -1 37 44 
37 16 cell -1 38 40 42 
38 17 ?x[1] -1 
39 19 ?x[1] -1 38 46 
40 17 ?y[1] -1 
41 19 ?y[1] -1 48 40 
42 16 x -1 
43 22 x -1 419 456 42 154 410 460 445 
44 3 and -1 45 47 
45 15 index -1 46 
46 17 ?x[1] -1 
47 15 index -1 48 
48 17 ?y[1] -1 
49 0 entail -1 50 58 
50 6 base -1 51 58 
51 16 cell -1 52 54 56 
52 17 ?x[2] -1 
53 19 ?x[2] -1 52 60 
54 17 ?y[2] -1 
55 19 ?y[2] -1 54 62 
56 16 o -1 
57 22 o -1 448 464 437 422 56 173 431 
58 3 and -1 59 61 
59 15 index -1 60 
60 17 ?x[2] -1 
61 15 index -1 62 
62 17 ?y[2] -1 
63 0 entail -1 64 70 
64 6 base -1 65 70 
65 16 control -1 66 
66 17 ?p[0] -1 
67 19 ?p[0] -1 66 71 
68 18 control 1 66 146 242 403 245 389 235 396 238 
69 23 control -1 65 145 241 402 68 244 388 234 395 237 
70 5 role -1 71 
71 17 ?p[0] -1 
72 0 entail -1 84 73 
73 7 input -1 84 74 76 
74 17 ?p[1] -1 76 
75 19 ?p[1] -1 74 90 
76 16 mark -1 80 77 
77 17 ?x[3] -1 
78 19 ?x[3] -1 86 77 
79 18 mark 1 178 216 377 77 159 
80 17 ?y[3] -1 
81 19 ?y[3] -1 80 88 
82 18 mark 2 80 160 179 218 379 
83 23 mark -1 177 82 215 376 76 158 79 
84 3 and -1 85 87 89 
85 15 index -1 86 
86 17 ?x[3] -1 
87 15 index -1 88 
88 17 ?y[3] -1 
89 5 role -1 90 
90 17 ?p[1] -1 
91 0 entail -1 97 92 
92 7 input -1 97 93 95 
93 17 ?p[2] -1 95 
94 19 ?p[2] -1 98 93 
95 16 noop -1 
96 22 noop -1 400 393 95 
97 5 role -1 98 
98 17 ?p[2] -1 
99 8 init -1 100 
100 16 cell -1 101 102 103 
101 16 1 -1 
102 16 1 -1 
103 16 b -1 
104 8 init -1 105 
105 16 cell -1 106 107 108 
106 16 1 -1 
107 16 2 -1 
108 16 b -1 
109 8 init -1 110 
110 16 cell -1 112 113 111 
111 16 1 -1 
112 16 3 -1 
113 16 b -1 
114 8 init -1 115 
115 16 cell -1 116 117 118 
116 16 2 -1 
117 16 1 -1 
118 16 b -1 
119 8 init -1 120 
120 16 cell -1 121 122 123 
121 16 2 -1 
122 16 2 -1 
123 16 b -1 
124 8 init -1 125 
125 16 cell -1 128 126 127 
126 16 2 -1 
127 16 3 -1 
128 16 b -1 
129 8 init -1 130 
130 16 cell -1 131 132 133 
131 16 3 -1 
132 16 1 -1 
133 16 b -1 
134 8 init -1 135 
135 16 cell -1 136 137 138 
136 16 3 -1 
137 16 2 -1 
138 16 b -1 
139 8 init -1 140 
140 16 cell -1 141 142 143 
141 16 3 -1 
142 16 3 -1 
143 16 b -1 
144 8 init -1 145 
145 16 control -1 146 
146 16 xplayer -1 
147 0 entail -1 148 155 
148 11 next -1 149 155 
149 16 cell -1 150 152 154 
150 17 ?m[0] -1 
151 19 ?m[0] -1 163 150 159 
152 17 ?n[0] -1 
153 19 ?n[0] -1 160 164 152 
154 16 x -1 
155 3 and -1 161 156 
156 10 does -1 157 158 
157 16 xplayer -1 158 
158 16 mark -1 160 159 
159 17 ?m[0] -1 
160 17 ?n[0] -1 
161 9 true -1 162 
162 16 cell -1 163 164 165 
163 17 ?m[0] -1 
164 17 ?n[0] -1 
165 16 b -1 
166 0 entail -1 167 174 
167 11 next -1 168 174 
168 16 cell -1 169 171 173 
169 17 ?m[1] -1 
170 19 ?m[1] -1 178 182 169 
171 17 ?n[1] -1 
172 19 ?n[1] -1 179 183 171 
173 16 o -1 
174 3 and -1 180 175 
175 10 does -1 176 177 
176 16 oplayer -1 177 
177 16 mark -1 178 179 
178 17 ?m[1] -1 
179 17 ?n[1] -1 
180 9 true -1 181 
181 16 cell -1 182 183 184 
182 17 ?m[1] -1 
183 17 ?n[1] -1 
184 16 b -1 
185 0 entail -1 194 186 
186 11 next -1 194 187 
187 16 cell -1 192 188 190 
188 17 ?m[2] -1 
189 19 ?m[2] -1 197 188 
190 17 ?n[2] -1 
191 19 ?n[2] -1 198 190 
192 17 ?w[0] -1 
193 19 ?w[0] -1 192 199 201 
194 3 and -1 195 200 
195 9 true -1 196 
196 16 cell -1 197 198 199 
197 17 ?m[2] -1 
198 17 ?n[2] -1 
199 17 ?w[0] -1 
200 1 and -1 201 202 
201 17 ?w[0] -1 
202 16 b -1 
203 0 entail -1 211 204 
204 11 next -1 211 205 
205 16 cell -1 208 210 206 
206 17 ?m[3] -1 
207 19 ?m[3] -1 227 206 222 
208 17 ?n[3] -1 
209 19 ?n[3] -1 208 230 223 
210 16 b -1 
211 3 and -1 225 212 220 
212 10 does -1 213 215 
213 17 ?w[1] -1 215 
214 19 ?w[1] -1 213 
215 16 mark -1 216 218 
216 17 ?j[0] -1 
217 19 ?j[0] -1 228 216 
218 17 ?k[0] -1 
219 19 ?k[0] -1 231 218 
220 9 true -1 221 
221 16 cell -1 224 222 223 
222 17 ?m[3] -1 
223 17 ?n[3] -1 
224 16 b -1 
225 4 or -1 226 229 
226 1 and -1 227 228 
227 17 ?m[3] -1 
228 17 ?j[0] -1 
229 1 and -1 230 231 
230 17 ?n[3] -1 
231 17 ?k[0] -1 
232 0 entail -1 233 236 
233 11 next -1 234 236 
234 16 control -1 235 
235 16 xplayer -1 
236 9 true -1 237 
237 16 control -1 238 
238 16 oplayer -1 
239 0 entail -1 240 243 
240 11 next -1 241 243 
241 16 control -1 242 
242 16 oplayer -1 
243 9 true -1 244 
244 16 control -1 245 
245 16 xplayer -1 
246 0 entail -1 247 255 
247 15 row -1 248 251 255 
248 17 ?m[4] -1 
249 19 ?m[4] -1 258 263 248 268 
250 18 row 1 248 345 
251 17 ?x[4] -1 
252 19 ?x[4] -1 260 265 251 270 
253 18 row 2 251 347 
254 21 row -1 247 344 250 253 
255 3 and -1 256 261 266 
256 9 true -1 257 
257 16 cell -1 258 259 260 
258 17 ?m[4] -1 
259 16 1 -1 
260 17 ?x[4] -1 
261 9 true -1 262 
262 16 cell -1 263 264 265 
263 17 ?m[4] -1 
264 16 2 -1 
265 17 ?x[4] -1 
266 9 true -1 267 
267 16 cell -1 268 269 270 
268 17 ?m[4] -1 
269 16 3 -1 
270 17 ?x[4] -1 
271 0 entail -1 272 280 
272 15 column -1 273 276 280 
273 17 ?n[4] -1 
274 19 ?n[4] -1 273 289 294 284 
275 18 column 1 273 353 
276 17 ?x[5] -1 
277 19 ?x[5] -1 290 276 295 285 
278 18 column 2 355 276 
279 21 column -1 272 352 275 278 
280 3 and -1 291 281 286 
281 9 true -1 282 
282 16 cell -1 283 284 285 
283 16 1 -1 
284 17 ?n[4] -1 
285 17 ?x[5] -1 
286 9 true -1 287 
287 16 cell -1 288 289 290 
288 16 2 -1 
289 17 ?n[4] -1 
290 17 ?x[5] -1 
291 9 true -1 292 
292 16 cell -1 293 294 295 
293 16 3 -1 
294 17 ?n[4] -1 
295 17 ?x[5] -1 
296 0 entail -1 297 302 
297 15 diagonal -1 298 302 
298 17 ?x[6] -1 
299 19 ?x[6] -1 307 312 298 317 
300 18 diagonal 1 320 361 298 
301 21 diagonal -1 360 297 300 319 
302 3 and -1 308 313 303 
303 9 true -1 304 
304 16 cell -1 305 306 307 
305 16 1 -1 
306 16 1 -1 
307 17 ?x[6] -1 
308 9 true -1 309 
309 16 cell -1 310 311 312 
310 16 2 -1 
311 16 2 -1 
312 17 ?x[6] -1 
313 9 true -1 314 
314 16 cell -1 315 316 317 
315 16 3 -1 
316 16 3 -1 
317 17 ?x[6] -1 
318 0 entail -1 322 319 
319 15 diagonal -1 320 322 
320 17 ?x[7] -1 
321 19 ?x[7] -1 320 337 327 332 
322 3 and -1 323 328 333 
323 9 true -1 324 
324 16 cell -1 325 326 327 
325 16 1 -1 
326 16 3 -1 
327 17 ?x[7] -1 
328 9 true -1 329 
329 16 cell -1 330 331 332 
330 16 2 -1 
331 16 2 -1 
332 17 ?x[7] -1 
333 9 true -1 334 
334 16 cell -1 336 337 335 
335 16 3 -1 
336 16 1 -1 
337 17 ?x[7] -1 
338 0 entail -1 339 344 
339 15 line -1 340 344 
340 17 ?x[8] -1 
341 19 ?x[8] -1 340 347 
342 18 line 1 448 419 358 422 456 460 431 464 340 437 410 445 350 
343 21 line -1 418 357 421 455 459 430 463 339 436 342 409 444 349 447 
344 15 row -1 345 347 
345 17 ?m[5] -1 
346 19 ?m[5] -1 345 
347 17 ?x[8] -1 
348 0 entail -1 352 349 
349 15 line -1 352 350 
350 17 ?x[9] -1 
351 19 ?x[9] -1 355 350 
352 15 column -1 353 355 
353 17 ?m[6] -1 
354 19 ?m[6] -1 353 
355 17 ?x[9] -1 
356 0 entail -1 357 360 
357 15 line -1 358 360 
358 17 ?x[10] -1 
359 19 ?x[10] -1 358 361 
360 15 diagonal -1 361 
361 17 ?x[10] -1 
362 0 entail -1 363 365 
363 15 open -1 365 
364 20 open -1 450 468 424 363 
365 9 true -1 366 
366 16 cell -1 369 371 367 
367 17 ?m[7] -1 
368 19 ?m[7] -1 367 
369 17 ?n[5] -1 
370 19 ?n[5] -1 369 
371 16 b -1 
372 0 entail -1 373 381 
373 12 legal -1 374 376 381 
374 17 ?w[2] -1 376 
375 19 ?w[2] -1 389 374 
376 16 mark -1 377 379 
377 17 ?x[11] -1 
378 19 ?x[11] -1 384 377 
379 17 ?y[4] -1 
380 19 ?y[4] -1 385 379 
381 3 and -1 387 382 
382 9 true -1 383 
383 16 cell -1 384 385 386 
384 17 ?x[11] -1 
385 17 ?y[4] -1 
386 16 b -1 
387 9 true -1 388 
388 16 control -1 389 
389 17 ?w[2] -1 
390 0 entail -1 391 394 
391 12 legal -1 392 393 394 
392 16 xplayer -1 393 
393 16 noop -1 
394 9 true -1 395 
395 16 control -1 396 
396 16 oplayer -1 
397 0 entail -1 401 398 
398 12 legal -1 400 401 399 
399 16 oplayer -1 400 
400 16 noop -1 
401 9 true -1 402 
402 16 control -1 403 
403 16 xplayer -1 
404 0 entail -1 405 409 
405 13 goal -1 406 407 409 
406 16 xplayer -1 407 
407 16 100 -1 
408 22 100 -1 435 407 
409 15 line -1 410 
410 16 x -1 
411 0 entail -1 416 412 
412 13 goal -1 416 413 414 
413 16 xplayer -1 414 
414 16 50 -1 
415 22 50 -1 441 414 
416 3 and -1 417 420 423 
417 2 not -1 418 
418 15 line -1 419 
419 16 x -1 
420 2 not -1 421 
421 15 line -1 422 
422 16 o -1 
423 2 not -1 424 
424 15 open -1 
425 0 entail -1 426 430 
426 13 goal -1 427 428 430 
427 16 xplayer -1 428 
428 16 0 -1 
429 22 0 -1 454 428 
430 15 line -1 431 
431 16 o -1 
432 0 entail -1 433 436 
433 13 goal -1 434 435 436 
434 16 oplayer -1 435 
435 16 100 -1 
436 15 line -1 437 
437 16 o -1 
438 0 entail -1 439 442 
439 13 goal -1 440 441 442 
440 16 oplayer -1 441 
441 16 50 -1 
442 3 and -1 449 443 446 
443 2 not -1 444 
444 15 line -1 445 
445 16 x -1 
446 2 not -1 447 
447 15 line -1 448 
448 16 o -1 
449 2 not -1 450 
450 15 open -1 
451 0 entail -1 452 455 
452 13 goal -1 453 454 455 
453 16 oplayer -1 454 
454 16 0 -1 
455 15 line -1 456 
456 16 x -1 
457 0 entail -1 458 459 
458 14 terminal -1 459 
459 15 line -1 460 
460 16 x -1 
461 0 entail -1 462 463 
462 14 terminal -1 463 
463 15 line -1 464 
464 16 o -1 
465 0 entail -1 466 467 
466 14 terminal -1 467 
467 2 not -1 468 
468 15 open -1 
