2 2 5
0.01820249746296343 836 24 1 -4.845134704751013 61.42369021589554 54948 -0.06951888707270515 * 836 24 2 3.0627485003112915 24.60518004103799 54948 0.04030984790638383 * 610 24 2 1.0803619726734945 34.37443195887104 54946 0.017204881856120957 * 610 24 1 2.1392582282763764 30.30796646823614 54948 0.035077807819652425 * 831 24 2 0.6488434526090247 35.442793873849524 54949 0.008314564990268057 * 29 24 1 -2.102302030388433 50.35243516042134 54949 -0.03136894450568065 * 29 24 2 1.0943734302590828 32.4366418439813 54949 0.013523150447924293 * 831 24 1 -5.791381980832448 72.12465511335905 54949 -0.07731628575966742 * 2 24 3 5.646400663070339 -56.812286496209666 54949 0.27915238397274933 * 5 24 3 -5.1835506808343155 128.24100627377948 54949 -0.25738963818878396 * 818 24 1 3.5527964414925948 19.802464943931096 54949 0.04508539428064588 * 818 24 2 3.064210060583244 23.581687707390962 54949 0.04214814805949342 * 24 -1 0 18.320478370615863 -587.6609333132515 54949 0.1367100267251999 * 813 24 1 3.5901139829153372 22.037564437258016 54949 0.05503718235542469 * 18 24 1 9.50442659670281 -11.373143939794108 54949 0.11295614934642283 * 813 24 2 -2.526335578076202 51.27723540826246 54948 -0.03431029717128295 * 18 24 2 2.7665038243461524 23.904972088221584 54949 0.030063327076372954 * 497 24 2 -0.8887771289096643 42.50994438282728 54948 -0.014106730239254942 * 497 24 1 1.024578565812309 34.30581601984715 54948 0.014272813284943621 * 
-0.01820249746296343 836 24 1 4.845134704751013 38.57630978410446 54948 0.06951888707270515 * 836 24 2 -3.0627485003112915 75.39481995896202 54948 -0.04030984790638383 * 610 24 2 -1.0803619726734945 65.62556804112896 54946 -0.017204881856120957 * 610 24 1 -2.1392582282763764 69.69203353176387 54948 -0.035077807819652425 * 831 24 2 -0.6488434526090247 64.55720612615048 54949 -0.008314564990268057 * 29 24 1 2.102302030388433 49.64756483957866 54949 0.03136894450568065 * 29 24 2 -1.0943734302590828 67.56335815601871 54949 -0.013523150447924293 * 831 24 1 5.791381980832448 27.87534488664095 54949 0.07731628575966742 * 2 24 3 -5.646400663070339 156.81228649620968 54949 -0.27915238397274933 * 5 24 3 5.1835506808343155 -28.24100627377948 54949 0.25738963818878396 * 818 24 1 -3.5527964414925948 80.1975350560689 54949 -0.04508539428064588 * 818 24 2 -3.064210060583244 76.41831229260903 54949 -0.04214814805949342 * 24 -1 0 -18.320478370615863 687.6609333132515 54949 -0.1367100267251999 * 813 24 1 -3.5901139829153372 77.96243556274199 54949 -0.05503718235542469 * 18 24 1 -9.50442659670281 111.3731439397941 54949 -0.11295614934642283 * 813 24 2 2.526335578076202 48.72276459173754 54948 0.03431029717128295 * 18 24 2 -2.7665038243461524 76.09502791177842 54949 -0.030063327076372954 * 497 24 2 0.8887771289096643 57.49005561717272 54948 0.014106730239254942 * 497 24 1 -1.024578565812309 65.69418398015286 54948 -0.014272813284943621 * 
2.8262682980113363 36.29803295962497 54949 0.11084312799288402
2.925998981648185 58.25595896255583 54949 0.11186768449022634
NaN NaN 0 NaN
NaN NaN 0 NaN
315 2126950 20119 32529 2301 54949 * 284 2126950 20119 32529 2301 54949 * 
315 3367950 32529 20119 2301 54949 * 284 3367950 32529 20119 2301 54949 * 
3 315 818 29 852350 8070 13459 907 22436 * 3 315 836 497 1409950 13298 23444 1603 38345 * 3 315 831 18 1038350 9818 15095 1131 26044 * 3 315 813 831 780250 7397 11865 811 20073 * 3 315 29 818 1467300 13883 23406 1580 38869 * 3 315 29 813 1509250 14251 23761 1683 39695 * 3 315 818 813 1008800 9547 15445 1082 26074 * 3 315 813 836 683350 6462 11562 743 18767 * 3 315 29 831 772800 7308 11541 840 19689 * 3 315 831 29 463350 4374 6404 519 11297 * 3 315 497 18 1626600 15364 25454 1804 42622 * 3 315 818 818 769750 7288 12037 819 20144 * 3 315 610 610 1164400 11180 8934 928 21042 * 3 315 818 831 1419500 13403 21692 1584 36679 * 3 315 497 29 530550 5043 6653 525 12221 * 3 315 29 836 1422700 13444 23051 1566 38061 * 3 315 831 818 1501950 14207 22247 1625 38079 * 3 315 818 836 692250 6585 9459 675 16719 * 3 315 813 610 912000 8609 15658 1022 25289 * 3 315 610 497 787150 7588 5190 567 13345 * 3 315 836 18 645950 6124 10784 671 17579 * 3 315 831 813 460600 4403 5406 406 10215 * 3 315 18 813 1346300 12754 21364 1418 35536 * 3 315 497 813 1161200 10979 19377 1266 31622 * 3 315 836 29 1261900 11913 21088 1412 34413 * 3 315 831 836 627250 5925 9558 695 16178 * 3 315 29 610 617000 5847 8138 646 14631 * 1 284 2126950 20119 32529 2301 54949 * 3 315 813 497 487650 4616 7698 521 12835 * 3 315 497 818 575450 5463 7190 583 13236 * 3 315 18 818 1195800 11292 17366 1332 29990 * 3 315 831 831 1702450 16114 25486 1821 43421 * 3 315 18 831 1739700 16438 27572 1918 45928 * 3 315 836 813 1519150 14311 26233 1761 42305 * 3 315 497 836 725450 6814 12589 881 20284 * 3 315 18 836 1256500 11864 20697 1402 33963 * 3 315 29 497 809350 7673 10443 841 18957 * 3 315 836 818 642750 6090 9170 675 15935 * 3 315 497 831 1689200 15971 26443 1842 44256 * 3 315 610 18 1053350 9971 16573 1125 27669 * 3 315 818 610 1575700 14894 23652 1726 40272 * 3 315 610 29 1215350 11466 18722 1375 31563 * 3 315 836 831 835450 7919 13541 871 22331 * 3 315 831 610 1615350 15293 24689 1721 41703 * 3 315 813 18 1209750 11383 22122 1429 34934 * 3 315 818 497 889800 8459 12283 878 21620 * 3 315 836 836 664250 6300 10377 685 17362 * 3 315 610 813 1369300 12933 23259 1520 37712 * 3 315 831 497 862700 8203 10225 848 19276 * 3 315 497 610 1530050 14589 14776 1423 30788 * 3 315 18 610 1136200 10789 15624 1146 27559 * 3 315 610 818 1042150 9871 15060 1101 26032 * 3 315 813 29 288200 2739 3861 286 6886 * 3 315 610 831 1107600 10475 16562 1202 28239 * 3 315 610 836 1122600 10572 19381 1308 31261 * 3 315 813 818 1595400 15072 25238 1764 42074 * 3 315 18 497 1120250 10581 17868 1243 29692 * 3 315 836 610 1209000 11367 20923 1446 33736 * 3 315 813 813 1495150 14110 24685 1683 40478 * 3 315 497 497 1461700 13941 13781 1352 29074 * 3 315 818 18 1107350 10437 18795 1273 30505 * 
3 315 818 29 1976700 19070 12048 1394 32512 * 3 315 836 497 943200 9083 6817 698 16598 * 3 315 831 18 1801900 17434 10300 1170 28904 * 3 315 813 831 2140900 20664 12719 1490 34873 * 3 315 29 818 948350 9123 6235 721 16079 * 3 315 29 813 907500 8766 5867 618 15251 * 3 315 818 813 1769150 17082 10571 1219 28872 * 3 315 813 836 2174300 20964 13655 1558 36177 * 3 315 29 831 2171850 20988 12811 1461 35260 * 3 315 831 29 2701600 26125 15745 1782 43652 * 3 315 497 18 732150 7073 4752 497 12322 * 3 315 818 818 2123300 20492 12830 1482 34804 * 3 315 610 610 2424450 23558 8907 1373 33838 * 3 315 818 831 1119550 10837 6715 717 18269 * 3 315 497 29 2676300 25875 15074 1776 42725 * 3 315 29 836 984350 9476 6673 735 16884 * 3 315 831 818 1062000 10282 5911 676 16869 * 3 315 818 836 2388300 23070 13532 1626 38228 * 3 315 813 610 1749850 16859 11503 1279 29641 * 3 315 610 497 2819500 27328 12518 1734 41580 * 3 315 836 18 2255800 21743 13993 1630 37366 * 3 315 831 813 2807050 27123 15714 1895 44732 * 3 315 18 813 1160650 11165 7364 883 19412 * 3 315 497 813 1366050 13143 9137 1035 23315 * 3 315 836 29 1188350 11439 8204 889 20532 * 3 315 29 610 2521550 24388 14270 1655 40313 * 3 315 831 836 2377100 22968 14192 1606 38766 * 1 284 3367950 32529 20119 2301 54949 * 3 315 813 497 2571700 24827 15498 1780 42105 * 3 315 497 818 2619800 25339 14654 1718 41711 * 3 315 18 818 1564750 15163 8827 969 24959 * 3 315 831 831 728300 7043 4004 480 11527 * 3 315 18 831 514850 4957 3681 383 9021 * 3 315 836 813 656500 6295 5806 540 12641 * 3 315 497 836 2064700 19937 13297 1420 34654 * 3 315 18 836 1228050 11831 8254 899 20984 * 3 315 29 497 2281500 22085 12445 1460 35990 * 3 315 836 818 2417000 23357 14028 1626 39011 * 3 315 497 831 631350 6084 4146 459 10689 * 3 315 818 610 916250 8875 5223 575 14673 * 3 315 610 18 1654100 15953 10145 1176 27274 * 3 315 836 831 1970100 18986 12198 1430 32614 * 3 315 610 29 1426800 13805 8651 926 23382 * 3 315 831 610 812800 7838 4824 580 13242 * 3 315 813 18 1084200 10406 8735 872 20013 * 3 315 818 497 2095650 20245 11658 1423 33326 * 3 315 836 836 2295900 22151 13816 1616 37583 * 3 315 610 813 965550 9265 7179 781 17225 * 3 315 831 497 2303050 22304 11914 1453 35671 * 3 315 497 610 1815400 17715 5513 878 24106 * 3 315 813 29 2967450 28667 17379 2015 48061 * 3 315 610 818 1806700 17467 10246 1200 28913 * 3 315 18 610 1748050 16903 9326 1155 27384 * 3 315 610 831 1651450 15965 9642 1099 26706 * 3 315 610 836 1363650 13140 9540 993 23673 * 3 315 813 818 755950 7291 5044 537 12872 * 3 315 18 497 1519000 14661 9536 1058 25255 * 3 315 836 610 1202950 11602 8743 855 21200 * 3 315 818 18 1424600 13732 9681 1028 24441 * 3 315 497 497 1918300 18709 6121 948 25778 * 3 315 813 813 815250 7844 6008 617 14469 * 
2 0.328299067241406 -96.49860171807376 54949.0 0.251187918531345 * 5 -0.25514363897819414 149.0392289090044 54949.0 -0.21467899298570306 * 
2 -0.328299067241406 196.49860171807376 54949.0 -0.251187918531345 * 5 0.25514363897819414 -49.03922890900441 54949.0 0.21467899298570306 * 
2 -0.09982244089902914 66.91147873104161 54949.0 -0.06086655442853655 * 5 -0.0376160735994647 49.61251190375623 54949.0 -0.022482901615985932 * 
2 0.09982244089902914 33.08852126895839 54949.0 0.06086655442853655 * 5 0.0376160735994647 50.38748809624377 54949.0 0.022482901615985932 * 
2 -0.11257193815107977 69.91123708010838 54949.0 -0.0664632386039767 * 5 0.17865895449018632 -11.10876476372662 54949.0 0.11943671506723301 * 
2 0.11257193815107977 30.088762919891614 54949.0 0.0664632386039767 * 5 -0.17865895449018632 111.10876476372663 54949.0 -0.11943671506723301 * 
2 -0.12936371112131606 111.11604430334363 54949.0 -0.09938505580105875 * 5 0.10058747284597855 -18.49970101615048 54949.0 0.08172989306776718 * 
2 0.12936371112131606 -11.116044303343628 54949.0 0.09938505580105875 * 5 -0.10058747284597855 118.49970101615047 54949.0 -0.08172989306776718 * 
2 0.06378363044568043 -21.035078265020378 54949.0 0.22832810209368568 * 5 -0.0514221163611107 87.72296721314298 54949.0 -0.18090356432133842 * 
2 -0.06378363044568043 121.03507826502037 54949.0 -0.22832810209368568 * 5 0.0514221163611107 12.277032786857028 54949.0 0.18090356432133842 * 
2 0.10437595318831833 -8.070630482742832 54949.0 0.24250303456558084 * 5 -0.0736140365655057 72.37934503002991 54949.0 -0.17625195326981993 * 
2 -0.10437595318831833 108.07063048274283 54949.0 -0.24250303456558084 * 5 0.0736140365655057 27.62065496997009 54949.0 0.17625195326981993 * 
2 0.2127352212382849 -3.787679867563414 54949.0 0.2834415185023231 * 5 -0.15464536890519423 71.0975274207722 54949.0 -0.221813890278292 * 
2 -0.2127352212382849 103.78767986756341 54949.0 -0.2834415185023231 * 5 0.15464536890519423 28.90247257922781 54949.0 0.221813890278292 * 
2 0.39142354490378994 2.4093868179237563 54949.0 0.31788571662605264 * 5 -0.2769101315934266 64.697638333772 54949.0 -0.2264370368663428 * 
2 -0.39142354490378994 97.59061318207624 54949.0 -0.31788571662605264 * 5 0.2769101315934266 35.302361666228 54949.0 0.2264370368663428 * 
