2
-0.04391693891864649 505 18 1 -1.3235267294636304 58.2843188220751 2007003 -0.030557143125140764 * 501 18 2 -4.019028423118463 71.19988122945314 2112035 -0.07673537090746109 * 501 18 1 -2.2619035782503527 59.905526994272016 1967646 -0.047696168302557414 * 513 18 1 -1.3013379576292476 58.888558542810586 2079293 -0.030682733456508893 * 509 18 2 -2.8691458239409444 61.775778143084516 2038307 -0.058322121961958975 * 509 18 1 -1.4721315608902048 59.50631836928857 2090016 -0.03427964957248337 * 505 18 2 -3.1630352512334463 64.90010613195399 2092222 -0.06427754282988622 * 524 18 1 -1.4353239449705912 57.45106346965531 1873131 -0.02657482054031291 * 513 18 2 -2.2422516207414964 58.613078424313485 1791149 -0.041132489659601826 * 302 18 1 -1.0547281502055885 57.41091828773402 2017429 -0.02276657179677153 * 109 18 1 -1.386044807034641 57.53582980146865 1893241 -0.027948402901831117 * 302 18 2 -2.6343576672792177 57.93518738508783 1473326 -0.040110121099794616 * 109 18 2 -3.936205651463624 76.32154081927064 2112556 -0.06795230822667123 * 520 18 1 -1.8108393087539416 58.954896464536716 1968059 -0.03932753009025666 * 
0.04391693891864649 505 18 1 1.3235267294636304 41.7156811779249 2007003 0.030557143125140764 * 501 18 2 4.019028423118463 28.80011877054687 2112035 0.07673537090746109 * 501 18 1 2.2619035782503527 40.094473005727984 1967646 0.047696168302557414 * 513 18 1 1.3013379576292476 41.111441457189414 2079293 0.030682733456508893 * 509 18 2 2.8691458239409444 38.224221856915484 2038307 0.058322121961958975 * 509 18 1 1.4721315608902048 40.49368163071143 2090016 0.03427964957248337 * 505 18 2 3.1630352512334463 35.099893868046 2092222 0.06427754282988622 * 524 18 1 1.4353239449705912 42.54893653034469 1873131 0.02657482054031291 * 513 18 2 2.2422516207414964 41.386921575686515 1791149 0.041132489659601826 * 302 18 1 1.0547281502055885 42.58908171226598 2017429 0.02276657179677153 * 109 18 1 1.386044807034641 42.46417019853135 1893241 0.027948402901831117 * 302 18 2 2.6343576672792177 42.06481261491217 1473326 0.040110121099794616 * 109 18 2 3.936205651463624 23.678459180729366 2112556 0.06795230822667123 * 520 18 1 1.8108393087539416 41.045103535463284 1968059 0.03932753009025666 * 
-25.533789105010722 78.85071387282822 2112556 -0.042385558986898005
-67.63859342444869 107.96797339398873 2112556 -0.11239105347781526
-2.4571737422493145 63.00053602865607 469874 -0.4979404788736751
-2.394164280538403 59.376924435733685 459030 -0.538994755510047
57 116256700 1157224 944646 10686 2112556 * 46 116256700 1157224 944646 10686 2112556 * 
57 94998900 944646 1157224 10686 2112556 * 46 94998900 944646 1157224 10686 2112556 * 
2 46 109 82142000 816077 718041 10686 1544804 * 2 46 509 110419900 1098856 876134 10686 1985676 * 2 46 302 96979200 964449 749299 10686 1724434 * 2 46 513 108701800 1081675 853264 10686 1945625 * 1 57 116256700 1157224 944646 10686 2112556 * 2 46 501 91867100 913328 756863 10686 1680877 * 2 46 520 91409200 908749 751704 10686 1671139 * 2 46 505 99709200 991749 785952 10686 1788387 * 2 46 524 78331400 777971 691291 10686 1479948 * 
2 46 109 69377300 688430 852435 10686 1551551 * 2 46 509 88691500 881572 1012153 10686 1904411 * 2 46 302 82834500 823002 942341 10686 1776029 * 2 46 513 88364100 878298 1004706 10686 1893690 * 1 57 94998900 944646 1157224 10686 2112556 * 2 46 501 76861700 763274 898977 10686 1672937 * 2 46 520 77376200 768419 899504 10686 1678609 * 2 46 505 80853200 803189 923655 10686 1737530 * 2 46 524 68619300 680850 850471 10686 1542007 * 
